xmag,ymag,zmag,xaccel,yaccel,zaccel,xgyro,ygyro,zgyro
-234,-3066,6842,120,260,-4090,57,-121,-135
-211,-3030,6846,55,284,-4067,54,-114,-127
-211,-3030,6846,-2,302,-4032,44,-110,-137
-211,-3030,6846,-20,314,-4020,49,-110,-129
-211,-3030,6846,105,287,-4029,63,-111,-118
-211,-3030,6846,116,240,-3975,56,-107,-117
-211,-3030,6846,57,279,-4050,23,-111,-135
-224,-3040,6865,6,320,-3845,36,-112,-139
-224,-3040,6865,97,343,-4059,44,-109,-103
-224,-3040,6865,74,316,-4107,45,-117,-115
-224,-3040,6865,35,263,-4074,29,-110,-119
-224,-3040,6865,91,263,-4279,33,-108,-122
-224,-3040,6865,101,259,-4043,46,-106,-111
-208,-3065,6859,51,248,-4064,69,-112,-140
-208,-3065,6859,18,284,-4090,49,-112,-130
-208,-3065,6859,19,269,-4062,32,-106,-143
-208,-3065,6859,163,-25,-4324,20,-98,-103
-208,-3065,6859,-12,80,-3854,28,-135,-112
-208,-3065,6859,90,192,-3769,39,-130,-132
-208,-3065,6859,6,252,-4086,57,-80,-134
-211,-3073,6880,94,380,-3912,58,-106,-111
-211,-3073,6880,81,303,-4363,66,-137,-123
-211,-3073,6880,-173,277,-3812,59,-110,-136
-211,-3073,6880,94,294,-4300,43,-103,-125
-211,-3073,6880,-18,130,-4047,77,-112,-149
-211,-3073,6880,188,384,-3989,26,-112,-103
-249,-3020,6861,148,271,-4188,53,-109,-109
-249,-3020,6861,13,380,-4017,44,-103,-126
-249,-3020,6861,-19,175,-4326,37,-128,-134
-249,-3020,6861,82,316,-3794,49,-119,-102
-249,-3020,6861,3,271,-4347,56,-103,-113
-249,-3020,6861,235,447,-3823,45,-110,-121
-253,-3041,6872,-7,209,-4055,45,-112,-124
-253,-3041,6872,61,355,-4162,50,-106,-111
-253,-3041,6872,85,203,-3775,45,-96,-106
-253,-3041,6872,11,216,-4244,44,-116,-133
-253,-3041,6872,-80,302,-3918,39,-116,-131
-253,-3041,6872,170,250,-4056,46,-111,-134
-253,-3041,6872,27,309,-4129,61,-102,-111
-245,-3071,6879,87,281,-3923,40,-106,-125
-245,-3071,6879,89,241,-4115,36,-105,-114
-245,-3071,6879,498,144,-4022,65,-157,-99
-245,-3071,6879,539,311,-4726,-18,-149,-99
-245,-3071,6879,-52,34,-3844,7,-148,-130
-245,-3071,6879,-58,2,-5281,15,-213,2
-238,-3056,6859,981,231,-4481,51,-59,-13
-238,-3056,6859,1230,920,-4619,394,-170,-270
-238,-3056,6859,-14,1532,-4135,141,-121,-274
-238,-3056,6859,26,382,-4138,152,-142,-209
-238,-3056,6859,-36,206,-4271,67,-110,-175
-238,-3056,6859,-229,225,-4148,36,-123,-151
-228,-3052,6851,154,108,-3769,0,-128,-100
-228,-3052,6851,49,397,-3873,37,-100,-101
-228,-3052,6851,80,270,-4118,22,-142,-104
-228,-3052,6851,157,207,-3930,42,-112,-113
-228,-3052,6851,97,72,-4003,59,-118,-107
-228,-3052,6851,242,85,-3848,85,-106,-117
-228,-3052,6851,-37,-203,-4193,29,1,-140
-283,-3034,6850,-510,292,-4103,19,-77,-155
-283,-3034,6850,940,216,-6116,174,75,-1401
-283,-3034,6850,8138,4086,-12086,-192,311,-1314
-283,-3034,6850,-2335,-1968,-4360,160,-408,-869
-283,-3034,6850,-375,195,-5217,30,-349,-576
-283,-3034,6850,183,63,-3290,31,-169,131
-247,-3049,6871,79,185,-3978,40,-115,122
-247,-3049,6871,205,309,-4123,54,-96,30
-247,-3049,6871,191,285,-3940,42,-106,-34
-247,-3049,6871,-237,291,-4047,38,-127,-160
-247,-3049,6871,-45,287,-3918,42,-111,-147
-247,-3049,6871,82,238,-4127,61,-102,-137
-223,-3065,6855,136,258,-4056,56,-114,-133
-223,-3065,6855,-256,138,-4013,87,-60,-95
-223,-3065,6855,-101,457,-4111,65,-106,-82
-223,-3065,6855,34,240,-4199,75,-123,-95
-223,-3065,6855,-171,262,-4044,43,-96,-104
-223,-3065,6855,83,197,-4057,38,-101,-136
-262,-3019,6882,64,234,-4148,34,-112,-140
-262,-3019,6882,96,368,-4300,63,-116,-127
-262,-3019,6882,1628,-942,-1083,97,-109,-258
-262,-3019,6882,-956,805,-6918,138,-336,-239
-262,-3019,6882,-754,100,-5425,248,91,3
-262,-3019,6882,-4402,-2010,-422,196,125,-57
-246,-3068,6879,-3761,2097,-4605,268,-214,98
-246,-3068,6879,-2400,-520,-3952,76,462,-333
-246,-3068,6879,90,-704,-2482,-33,-270,-370
-246,-3068,6879,276,-324,-6230,156,-291,155
-246,-3068,6879,1573,-679,-2182,55,-305,-101
-246,-3068,6879,-175,-1879,-3750,-263,47,-237
-246,-3068,6879,-534,-78,-4761,216,-352,-273
-266,-3049,6835,348,-912,-4157,-204,-328,-225
-266,-3049,6835,228,743,-3637,59,-22,-156
-266,-3049,6835,-304,488,-3527,74,-30,-267
-266,-3049,6835,-3644,-1188,-6906,-161,226,342
-266,-3049,6835,-1195,-1087,-10337,109,-224,293
-266,-3049,6835,-5374,-538,4017,32,-46,232
-265,-3068,6812,-1893,-1639,-15897,272,-70,-62
-265,-3068,6812,10245,2232,-13834,-164,-569,-1017
-265,-3068,6812,8828,-5814,-6248,-655,-293,-256
-265,-3068,6812,-651,-1753,-13176,-52,-406,-10
-265,-3068,6812,-888,304,-6931,63,-106,-97
-265,-3068,6812,-407,1069,-5192,55,91,-108
-233,-3053,6842,339,861,-2536,62,-87,-211
-233,-3053,6842,-404,-23,-3685,-11,-147,-179
-233,-3053,6842,80,210,-4043,53,-106,-176
-233,-3053,6842,40,230,-4195,49,-93,-94
-233,-3053,6842,-90,402,-4078,52,-127,-110
-233,-3053,6842,75,619,-3815,52,-47,-142
-233,-3053,6842,343,141,-4118,35,-116,-149
-235,-3050,6894,-41,387,-4319,32,-119,-130
-235,-3050,6894,212,80,-3781,56,-128,-150
-235,-3050,6894,-200,184,-4093,52,-111,-145
-235,-3050,6894,203,209,-3723,52,-111,-144
-235,-3050,6894,281,227,-4171,59,-102,-138
-235,-3050,6894,449,575,-4317,68,-103,-118
-256,-3058,6879,275,601,-4296,45,-66,-108
-256,-3058,6879,480,222,-4397,62,-88,-127
-256,-3058,6879,508,104,-4443,59,-104,-196
-256,-3058,6879,458,670,-5027,35,-168,-186
-256,-3058,6879,110,475,-3983,32,-190,-218
-256,-3058,6879,850,332,-5284,47,-254,-263
-221,-3067,6865,957,770,-4966,86,-259,-278
-221,-3067,6865,684,1016,-5168,97,-300,-335
-221,-3067,6865,700,1094,-5169,83,-334,-358
-221,-3067,6865,542,1044,-5221,45,-392,-433
-221,-3067,6865,283,901,-5395,6,-472,-484
-221,-3067,6865,15,695,-5510,54,-572,-509
-98,-3052,6878,-100,602,-5548,49,-660,-530
-98,-3052,6878,-156,488,-5451,78,-745,-527
-98,-3052,6878,-74,471,-5128,116,-802,-516
-98,-3052,6878,-34,396,-4650,150,-818,-506
-98,-3052,6878,-77,419,-4083,185,-802,-487
-98,-3052,6878,-190,406,-3651,186,-724,-469
-98,-3052,6878,-243,469,-3387,156,-627,-436
242,-3059,6927,-406,360,-3615,189,-521,-450
242,-3059,6927,-531,80,-3766,252,-461,-469
242,-3059,6927,-737,-195,-4116,301,-412,-439
242,-3059,6927,-839,-207,-4528,274,-401,-403
242,-3059,6927,-553,-441,-4978,275,-439,-317
242,-3059,6927,-208,-456,-4945,210,-516,-260
419,-2966,6921,-751,-271,-5573,189,-655,-245
419,-2966,6921,-719,-305,-6016,186,-745,-222
419,-2966,6921,-655,-301,-6394,111,-885,-208
419,-2966,6921,-696,-57,-6321,55,-1059,-183
419,-2966,6921,-775,91,-6085,-7,-1245,-160
419,-2966,6921,-806,-62,-5795,-37,-1407,-154
734,-2964,6853,-771,-383,-5531,-96,-1535,-112
734,-2964,6853,-836,-340,-5041,-140,-1618,-65
734,-2964,6853,-1023,-95,-4507,-230,-1659,-33
734,-2964,6853,-1106,34,-4350,-272,-1702,-22
734,-2964,6853,-1186,-109,-4262,-304,-1712,10
734,-2964,6853,-1182,-368,-4400,-345,-1697,41
734,-2964,6853,-1211,-453,-4204,-389,-1704,71
1260,-3070,6658,-1482,-198,-3871,-383,-1710,123
1260,-3070,6658,-1606,104,-3646,-367,-1726,140
1260,-3070,6658,-1740,143,-3464,-336,-1704,147
1260,-3070,6658,-1751,-43,-3413,-325,-1686,139
1260,-3070,6658,-1897,-89,-3001,-310,-1656,210
1260,-3070,6658,-2098,-216,-1867,-292,-1624,221
1685,-3260,6305,-2073,99,-2357,-283,-1592,238
1685,-3260,6305,-2127,134,-2058,-255,-1540,241
1685,-3260,6305,-2175,261,-1884,-247,-1479,235
1685,-3260,6305,-2274,426,-1516,-249,-1426,223
1685,-3260,6305,-2358,608,-1683,-287,-1345,224
1685,-3260,6305,-2752,364,-1453,-314,-1277,201
2015,-3420,5948,-2637,447,-1233,-325,-1203,193
2015,-3420,5948,-2778,374,-1661,-253,-1146,171
2015,-3420,5948,-2679,285,-1451,-184,-1089,141
2015,-3420,5948,-2644,408,-1621,-117,-1044,160
2015,-3420,5948,-2671,685,-1511,-159,-998,180
2015,-3420,5948,-2851,729,-1147,-214,-908,209
2170,-3559,5653,-2827,965,-1154,-244,-858,204
2170,-3559,5653,-2806,950,-949,-288,-795,182
2170,-3559,5653,-2841,1027,-885,-323,-758,137
2170,-3559,5653,-2894,1038,-800,-24,-732,84
2170,-3559,5653,-3040,1150,-555,-487,-667,19
2170,-3559,5653,-2835,1226,-538,-207,-599,-33
2170,-3559,5653,-3073,1229,-561,-180,-514,-60
2253,-3660,5428,-3022,1108,-563,-120,-450,-88
2253,-3660,5428,-3133,1171,-388,-83,-371,-108
2253,-3660,5428,-3006,1082,-424,-21,-294,-108
2253,-3660,5428,-3140,1022,-692,-15,-242,-141
2253,-3660,5428,-3051,1389,-330,-34,-87,-184
2253,-3660,5428,-2772,1230,-28,-89,30,-207
2245,-3681,5355,-2751,1497,-72,-154,164,-262
2245,-3681,5355,-2669,1394,166,-231,308,-331
2245,-3681,5355,-2974,1276,157,-201,439,-392
2245,-3681,5355,-2745,1212,340,-72,551,-387
2245,-3681,5355,-2939,1298,-413,47,611,-444
2245,-3681,5355,-2506,1128,-890,193,638,-486
2224,-3645,5440,-2468,1288,-809,311,679,-516
2224,-3645,5440,-2355,1229,-736,387,709,-585
2224,-3645,5440,-2992,848,-1271,447,997,-571
2224,-3645,5440,-2247,527,-1486,561,775,-581
2224,-3645,5440,-2842,428,-1599,573,803,-568
2224,-3645,5440,-2783,143,-2125,575,865,-512
2172,-3449,5772,-2825,-59,-2169,476,802,-393
2172,-3449,5772,-2420,-238,-2123,378,891,-329
2172,-3449,5772,-2672,382,-2480,354,922,-303
2172,-3449,5772,-2366,354,-2521,153,901,-266
2172,-3449,5772,-2339,71,-2067,10,882,-192
2172,-3449,5772,-2394,186,-2044,-102,923,-137
2172,-3449,5772,-1906,467,-1736,-142,1019,-96
1930,-3411,6029,-2000,488,-1362,-166,1080,-60
1930,-3411,6029,-1733,435,-1278,-191,1208,11
1930,-3411,6029,-1339,167,-989,-118,1333,21
1930,-3411,6029,-1140,316,-1130,-83,1476,47
1930,-3411,6029,-828,454,-1134,18,1582,65
1930,-3411,6029,-690,460,-1170,144,1711,51
1519,-3441,6320,-362,344,-1054,308,1836,42
1519,-3441,6320,-146,184,-972,415,1989,34
1519,-3441,6320,131,19,-1039,571,2132,40
1519,-3441,6320,249,267,-1714,716,2250,27
1519,-3441,6320,621,311,-2740,766,2339,1
1519,-3441,6320,906,284,-3281,762,2381,-30
783,-3290,6684,900,710,-4454,738,2486,48
783,-3290,6684,466,531,-4731,652,2393,-56
783,-3290,6684,1004,591,-5129,566,2298,-130
783,-3290,6684,953,527,-5817,483,2170,-188
783,-3290,6684,867,667,-6394,423,1991,-227
783,-3290,6684,947,339,-6698,316,1799,-250
783,-3290,6684,813,579,-7331,322,1529,-249
-31,-3103,6892,833,485,-7470,374,1252,-288
-31,-3103,6892,820,600,-7279,379,1023,-330
-31,-3103,6892,755,691,-6956,345,826,-370
-31,-3103,6892,617,787,-6688,357,674,-401
-31,-3103,6892,558,678,-6598,384,542,-399
-31,-3103,6892,260,758,-6394,408,438,-457
-399,-2970,6818,18,848,-6502,385,318,-469
-399,-2970,6818,-28,738,-6656,361,180,-508
-399,-2970,6818,-282,718,-7129,291,33,-535
-399,-2970,6818,-378,802,-7519,218,-143,-558
-399,-2970,6818,-263,871,-7768,188,-355,-569
-399,-2970,6818,-454,380,-8508,134,-584,-305
-372,-2939,6896,-295,473,-8270,60,-797,-527
-372,-2939,6896,-257,531,-8429,20,-1020,-522
-372,-2939,6896,-298,230,-8392,-24,-1215,-514
-372,-2939,6896,-376,84,-8158,-58,-1424,-514
-372,-2939,6896,-494,-17,-8197,-74,-1611,-490
-372,-2939,6896,-767,-72,-8149,-85,-1790,-479
189,-2993,6904,-277,-40,-8100,-142,-1960,-473
189,-2993,6904,-459,-135,-8023,-175,-2161,-453
189,-2993,6904,-536,-248,-7988,-181,-2351,-449
189,-2993,6904,46,-246,-7753,-189,-2549,-398
189,-2993,6904,-64,-344,-7517,-204,-2764,-384
189,-2993,6904,-56,-414,-7195,-270,-2927,-376
189,-2993,6904,130,-592,-6874,-325,-3072,-346
1040,-3065,6692,329,-685,-6511,-397,-3189,-317
1040,-3065,6692,448,-737,-5996,-448,-3300,-275
1040,-3065,6692,597,-740,-5625,-488,-3397,-222
1040,-3065,6692,739,-631,-5243,-543,-3456,-186
1040,-3065,6692,739,-507,-4592,-610,-3500,-155
1040,-3065,6692,594,-404,-3851,-664,-3505,-125
2096,-3209,5968,452,-360,-3281,-736,-3475,-124
2096,-3209,5968,281,-375,-2681,-794,-3413,-128
2096,-3209,5968,180,-301,-2141,-808,-3347,-120
2096,-3209,5968,-18,-271,-1831,-842,-3272,-125
2096,-3209,5968,-188,-262,-1325,-870,-3173,-100
2096,-3209,5968,-431,-273,-830,-902,-3057,-72
2744,-3392,4877,-515,-127,-288,-925,-2942,-53
2744,-3392,4877,-702,-54,275,-911,-2784,-56
2744,-3392,4877,-991,-63,587,-910,-2626,-60
2744,-3392,4877,-1184,-4,972,-929,-2434,-45
2744,-3392,4877,-1406,72,1240,-868,-2246,-46
2744,-3392,4877,-1639,47,1405,-839,-2054,-24
2851,-3424,3950,-1857,31,1561,-802,-1876,-21
2851,-3424,3950,-1997,65,1635,-819,-1697,6
2851,-3424,3950,-2109,73,1649,-789,-1792,25
2851,-3424,3950,-2277,25,1797,-718,-1394,44
2851,-3424,3950,-2464,122,1685,-666,-1266,54
2851,-3424,3950,-2594,206,1712,-619,-1138,65
2851,-3424,3950,-2789,335,1770,-552,-1016,79
2759,-3418,3379,-2916,508,1823,-468,-893,64
2759,-3418,3379,-3201,457,1972,-410,-756,63
2759,-3418,3379,-3220,486,1846,-344,-628,49
2759,-3418,3379,-3265,505,1827,-278,-536,38
2759,-3418,3379,-3296,614,2083,-188,-449,22
2759,-3418,3379,-3263,715,2595,-65,-356,1
2679,-3465,3134,-3305,840,3283,18,-193,-35
2679,-3465,3134,-3383,1039,3718,130,-38,-88
2679,-3465,3134,-3138,1040,3751,328,195,-182
2679,-3465,3134,-3141,1009,3702,487,396,-258
2679,-3465,3134,-2929,1211,3143,618,584,-362
2679,-3465,3134,-2818,1374,2998,1011,723,-506
2784,-3457,3349,-2680,1374,2508,976,817,-671
2784,-3457,3349,-2622,1236,2052,1176,884,-835
2784,-3457,3349,-2623,1173,1652,1315,915,-1006
2784,-3457,3349,-2482,1192,1328,1439,918,-1162
2784,-3457,3349,-2484,1096,1261,1569,920,-1344
2784,-3457,3349,-2463,1017,999,1709,896,-1538
2784,-3457,3349,-2479,679,723,1813,832,-1750
2982,-3230,3928,-2431,469,435,1885,837,-1907
2982,-3230,3928,-2411,200,584,1905,775,-2073
2982,-3230,3928,-2245,93,624,1986,744,-2240
2982,-3230,3928,-2121,-107,608,2131,698,-2398
2982,-3230,3928,-2032,-520,531,2234,658,-2548
2982,-3230,3928,-1974,-786,535,2329,596,-2663
3256,-2462,4517,-1919,-1163,597,2359,521,-2785
3256,-2462,4517,-1611,-1383,734,2411,526,-2879
3256,-2462,4517,-1295,-1601,1197,2487,527,-2976
3256,-2462,4517,-901,-1837,1612,2519,576,-3073
3256,-2462,4517,-999,-2452,1993,2518,689,-3141
3256,-2462,4517,-294,-3005,1971,2409,866,-3186
3193,-1188,4847,-234,-3412,1887,2216,1076,-3212
3193,-1188,4847,124,-3824,1757,1973,1298,-3211
3193,-1188,4847,52,-4320,1674,1678,1573,-3121
3193,-1188,4847,676,-4828,1324,1375,1840,-3059
3193,-1188,4847,806,-5222,1367,1077,2110,-2951
3193,-1188,4847,1045,-5469,1257,832,2351,-2824
2575,-83,5305,1217,-5739,705,699,2540,-2648
2575,-83,5305,1179,-6128,-17,555,2662,-2452
2575,-83,5305,1087,-6355,-901,446,2726,-2199
2575,-83,5305,1047,-6451,-1800,300,2721,-1914
2575,-83,5305,877,-6075,-1999,124,2650,-1645
2575,-83,5305,749,-6099,-2652,13,2574,-1389
2575,-83,5305,659,-5993,-2854,-120,2419,-1164
1603,496,5897,753,-6009,-2601,-176,2050,-964
1603,496,5897,812,-5906,-2720,-157,2191,-765
1603,496,5897,919,-5655,-2468,-59,2118,-639
1603,496,5897,1126,-5927,-2540,40,2049,-490
1603,496,5897,1336,-5772,-1916,72,2030,-377
1603,496,5897,1347,-5859,-1775,58,2074,-228
861,547,6282,1338,-5726,-1708,-2,2099,-147
861,547,6282,1376,-5523,-1718,-134,2144,-63
861,547,6282,1345,-5609,-1656,-236,2177,17
861,547,6282,1256,-5686,-1588,-392,2241,128
861,547,6282,1259,-5675,-1706,-481,2295,278
861,547,6282,1266,-5622,-1685,-542,2331,407
279,490,6537,1232,-5400,-1985,-613,2333,557
279,490,6537,1355,-5603,-2023,-714,2365,709
279,490,6537,1187,-5264,-2298,-843,2401,863
279,490,6537,1286,-5042,-2405,-992,2410,1025
279,490,6537,1264,-4622,-2792,-1134,2390,1198
279,490,6537,1359,-4367,-3050,-1202,2347,1370
279,490,6537,1264,-3972,-3102,-1259,2285,1537
-256,210,6752,1371,-3599,-3304,-1350,2220,1657
-256,210,6752,1443,-3259,-3537,-1428,2112,1745
-256,210,6752,1440,-2885,-3644,-1467,1989,1797
-256,210,6752,1382,-2788,-3521,-1479,1875,1851
-256,210,6752,1299,-2789,-3383,-1467,1777,1892
-256,210,6752,1295,-2691,-3449,-1509,1680,1965
-633,-140,6955,1202,-2494,-3100,-1575,1624,2003
-633,-140,6955,1063,-2521,-2840,-1693,1621,2022
-633,-140,6955,908,-2600,-2892,-1715,1600,2059
-633,-140,6955,904,-2688,-3005,-1743,1560,2115
-633,-140,6955,978,-2632,-3515,-1788,1500,2199
-633,-140,6955,969,-2407,-3687,-1772,1428,2256
-898,-529,7026,924,-2188,-4163,-1774,1336,2302
-898,-529,7026,945,-1919,-4826,-1811,1218,2345
-898,-529,7026,800,-1780,-5051,-1948,1072,2394
-898,-529,7026,740,-1688,-5308,-2107,912,2436
-898,-529,7026,619,-1511,-5576,-2221,736,2517
-898,-529,7026,537,-1431,-5488,-2352,555,2546
-1082,-921,7017,562,-1034,-5273,-2422,401,2574
-1082,-921,7017,613,-1131,-5063,-2456,245,2623
-1082,-921,7017,613,-846,-4958,-2474,109,2639
-1082,-921,7017,504,-626,-4641,-2470,-13,2669
-1082,-921,7017,603,-329,-4355,-2499,-105,2698
-1082,-921,7017,669,-19,-4281,-2559,-180,2712
-1082,-921,7017,764,124,-4068,-2629,-223,2722
-1052,-1465,7083,902,544,-3889,-2703,-263,2718
-1052,-1465,7083,1009,945,-3442,-2776,-297,2690
-1052,-1465,7083,1739,395,-4135,-2870,-641,2822
-1052,-1465,7083,1983,563,-4000,-2904,-212,2686
-1052,-1465,7083,1744,2088,-2663,-2806,-267,2589
-1052,-1465,7083,1344,2351,-2557,-2840,-323,2468
-1065,-2134,6984,1389,2965,-2683,-2768,-306,2365
-1065,-2134,6984,1419,3253,-2887,-2697,-338,2267
-1065,-2134,6984,1613,3513,-3280,-2641,-389,2167
-1065,-2134,6984,1653,3920,-3331,-2632,-441,2039
-1065,-2134,6984,1712,4182,-3347,-2642,-484,1876
-1065,-2134,6984,1681,4423,-3333,-2671,-543,1710
-1203,-2732,6725,1643,4405,-3426,-2703,-610,1775
-1203,-2732,6725,1693,4451,-3475,-2702,-719,1399
-1203,-2732,6725,1775,4563,-3459,-2679,-806,1237
-1203,-2732,6725,1788,4770,-3304,-2617,-915,1049
-1203,-2732,6725,1806,5116,-3045,-2523,-1000,873
-1203,-2732,6725,1938,4998,-2664,-2443,-1073,677
-1171,-3332,6376,1987,5067,-2244,-2379,-1108,489
-1171,-3332,6376,2005,5195,-1881,-2285,-1109,311
-1171,-3332,6376,1843,5405,-1586,-2146,-1087,115
-1171,-3332,6376,1901,5445,-1489,-1978,-1029,-80
-1171,-3332,6376,1805,5201,-1603,-1866,-1094,-204
-1171,-3332,6376,1829,5369,-1575,-1706,-1108,-417
-1171,-3332,6376,1891,5360,-1556,-1552,-1154,-592
-944,-3899,5961,1871,5500,-1482,-1409,-1190,-768
-944,-3899,5961,1835,5485,-1340,-1255,-1217,-961
-944,-3899,5961,1824,5496,-1206,-1091,-1268,-1144
-944,-3899,5961,1830,5540,-1092,-914,-1312,-1317
-944,-3899,5961,1784,5472,-982,-736,-1354,-1518
-944,-3899,5961,1711,5277,-841,-608,-1393,-1685
-342,-4233,5767,1715,5080,-789,-479,-1446,-1880
-342,-4233,5767,1722,4956,-979,-349,-1511,-2053
-342,-4233,5767,1741,4795,-846,-231,-1588,-2206
-342,-4233,5767,1687,4529,-774,-78,-1679,-2340
-342,-4233,5767,1714,4286,-881,31,-1757,-2445
-342,-4233,5767,1648,3950,-978,97,-1877,-2559
758,-4306,5651,1775,3845,-781,204,-1981,-2652
758,-4306,5651,1689,3719,-390,310,-2067,-2729
758,-4306,5651,1670,3570,186,463,-2139,-2789
758,-4306,5651,1522,3516,640,593,-2145,-2811
758,-4306,5651,1410,3538,1116,713,-2148,-2850
758,-4306,5651,1328,3578,1452,823,-2120,-2931
758,-4306,5651,1204,3608,1747,900,-2058,-2991
2024,-3907,5449,1029,3440,1937,926,-1964,-3051
2024,-3907,5449,788,3168,2079,939,-1854,-3136
2024,-3907,5449,612,2920,2301,1010,-1760,-3171
2024,-3907,5449,504,3026,2429,1115,-1682,-3191
2024,-3907,5449,411,2921,2289,1230,-1583,-3257
2024,-3907,5449,1,2595,2421,1291,-1498,-3319
2989,-2878,5161,131,2311,2508,1326,-1413,-3376
2989,-2878,5161,35,2027,2753,1333,-1315,-3399
2989,-2878,5161,-18,1660,2557,1344,-1228,-3456
2989,-2878,5161,-61,1393,2548,1285,-1129,-3484
2989,-2878,5161,-135,1047,2784,1223,-1022,-3489
2989,-2878,5161,-272,586,3050,1195,-886,-3463
3316,-1479,4788,-400,294,3301,1141,-727,-3457
3316,-1479,4788,-460,0,3383,1114,-563,-3436
3316,-1479,4788,-752,-248,3516,1068,-381,-3402
3316,-1479,4788,-534,-550,3595,1030,-201,-3380
3316,-1479,4788,-494,-804,3599,990,-18,-3087
3316,-1479,4788,-461,-937,3677,963,168,-3281
2959,-215,4611,-380,-1010,3862,970,366,-3272
2959,-215,4611,-207,-1059,3899,1015,575,-3288
2959,-215,4611,-38,-1360,3679,1080,766,-3328
2959,-215,4611,126,-1684,3601,1085,950,-3355
2959,-215,4611,379,-1945,3191,1040,1115,-3387
2959,-215,4611,447,-2297,2864,964,1267,-3399
2959,-215,4611,663,-2197,2607,884,1385,-3403
2064,841,4704,657,-2737,1773,831,1475,-3388
2064,841,4704,764,-3326,1524,731,1559,-3385
2064,841,4704,983,-3716,1513,658,1635,-3352
2064,841,4704,1111,-4073,1473,524,1722,-3299
2064,841,4704,1236,-4310,1140,364,1822,-3233
2064,841,4704,1356,-4756,562,271,1884,-3149
759,1397,4781,1446,-5110,255,272,1916,-2997
759,1397,4781,1562,-5412,76,274,1942,-2874
759,1397,4781,1581,-5869,93,271,1962,-2760
759,1397,4781,1564,-5763,368,224,2026,-2618
759,1397,4781,1309,-5905,319,122,2120,-2440
759,1397,4781,1606,-5943,211,7,2223,-2268
-445,1488,4792,1634,-5866,-87,-239,2351,-2062
-445,1488,4792,1504,-5792,-543,-520,2472,-1859
-445,1488,4792,1496,-5482,-1036,-837,2580,-1571
-445,1488,4792,1424,-5256,-1354,-1152,2673,-1354
-445,1488,4792,1333,-4879,-1704,-1496,2734,-1106
-445,1488,4792,1381,-4801,-1930,-1951,2820,-851
-1182,1276,4917,1441,-4557,-2428,-2467,2924,-583
-1182,1276,4917,1400,-4380,-2823,-2837,2951,-310
-1182,1276,4917,1458,-4058,-3331,-3116,2912,-5
-1182,1276,4917,1429,-3589,-3650,-3322,2850,222
-1182,1276,4917,1375,-3311,-4269,-3509,2742,421
-1182,1276,4917,1606,-2654,-4476,-3738,2600,588
-1182,1276,4917,1744,-2441,-4722,-3946,2448,734
-1519,965,5521,1999,-2150,-4573,-4123,2300,846
-1519,965,5521,1627,-2387,-4525,-4270,2186,967
-1519,965,5521,1403,-2609,-4519,-4351,2091,1096
-1519,965,5521,1439,-2445,-4750,-4381,1967,1247
-1519,965,5521,1273,-2253,-4995,-4338,1837,1360
-1519,965,5521,1148,-1960,-5341,-4330,1659,1500
-1613,321,6249,854,-1882,-5639,-4383,1534,1678
-1613,321,6249,1112,-1558,-6170,-4527,1372,1816
-1613,321,6249,1459,-971,-6478,-4631,1194,1929
-1613,321,6249,1678,-142,-6595,-4676,975,1993
-1613,321,6249,1644,556,-6456,-4696,810,2293
-1613,321,6249,1725,821,-6826,-4673,668,2122
-1651,-645,6741,2017,1239,-7081,-4580,495,2112
-1651,-645,6741,1965,1879,-6105,-4505,316,2068
-1651,-645,6741,2398,3006,-6423,-4456,86,1930
-1651,-645,6741,2127,3213,-6209,-4598,-44,1794
-1651,-645,6741,1900,3503,-5803,-4255,-166,1638
-1651,-645,6741,1991,3855,-5839,-4163,-294,1483
-1570,-1727,6865,2371,4081,-5952,-4086,-492,1314
-1570,-1727,6865,2178,4226,-6099,-3928,-686,1143
-1570,-1727,6865,2260,3970,-5272,-3710,-861,982
-1570,-1727,6865,2130,4074,-5107,-3469,-1005,830
-1570,-1727,6865,2643,4192,-5142,-3386,-1136,664
-1570,-1727,6865,2846,4312,-4849,-3313,-1275,502
-1570,-1727,6865,2817,4347,-4242,-3243,-1373,338
-1351,-2756,6736,2785,4265,-3916,-3123,-1439,182
-1351,-2756,6736,2719,4459,-3386,-3008,-1496,56
-1351,-2756,6736,2916,4628,-3089,-2909,-1283,-123
-1351,-2756,6736,2985,4747,-3198,-2824,-1572,-294
-1351,-2756,6736,2980,4528,-3023,-2767,-1597,-458
-1351,-2756,6736,2824,4464,-2809,-2666,-1635,-587
-871,-3663,6309,2820,4454,-2525,-2537,-1628,-704
-871,-3663,6309,2872,4562,-2325,-2436,-1647,-842
-871,-3663,6309,2833,4528,-2042,-2285,-1654,-985
-871,-3663,6309,2645,4435,-1635,-2176,-1642,-1081
-871,-3663,6309,2459,4303,-1299,-2070,-1624,-1209
-871,-3663,6309,2371,4249,-1259,-1871,-1596,-1341
-156,-4292,5700,2326,4216,-820,-1687,-1590,-1455
-156,-4292,5700,2228,4172,-639,-1503,-1599,-1589
-156,-4292,5700,2168,4181,-423,-1362,-1591,-1713
-156,-4292,5700,2171,4246,-330,-1220,-1587,-1842
-156,-4292,5700,2196,4324,-137,-1100,-1591,-1963
-156,-4292,5700,2176,4260,-166,-990,-1581,-2110
-156,-4292,5700,2195,4251,-273,-903,-1598,-2267
770,-4519,5242,2250,4090,-194,-871,-1582,-2419
770,-4519,5242,2261,3997,-170,-791,-1588,-2569
770,-4519,5242,2277,3831,65,-676,-1594,-2732
770,-4519,5242,2250,3662,206,-571,-1600,-2857
770,-4519,5242,2197,3384,343,-431,-1607,-2991
770,-4519,5242,2049,3163,716,-336,-1595,-3086
1920,-4255,4721,1924,2992,1080,-252,-1573,-3160
1920,-4255,4721,1854,2912,1489,-116,-1788,-3207
1920,-4255,4721,1853,2765,1761,45,-1485,-3280
1920,-4255,4721,1693,2637,1951,193,-1463,-3361
1920,-4255,4721,1648,2536,2166,294,-1421,-3420
1920,-4255,4721,1560,2372,2503,399,-1435,-3513
2856,-3445,4319,1293,2137,2756,522,-1341,-3627
2856,-3445,4319,1494,2163,2909,578,-1326,-3667
2856,-3445,4319,1484,2072,2847,655,-1245,-3752
2856,-3445,4319,1476,1894,2992,736,-1210,-3840
2856,-3445,4319,1461,1681,3294,784,-1131,-3945
2856,-3445,4319,1461,1531,3630,819,-1033,-4043
3375,-2109,3984,1335,1113,3799,883,-902,-4134
3375,-2109,3984,1386,701,3926,971,-774,-4204
3375,-2109,3984,1387,431,4024,1049,-648,-4272
3375,-2109,3984,1335,61,4197,1114,-261,-4318
3375,-2109,3984,1341,-269,4336,1159,-329,-4355
3375,-2109,3984,1333,-687,4543,1148,-136,-4383
3375,-2109,3984,1428,-1070,4440,1176,58,-4404
3084,-494,3710,1478,-1456,4477,1152,256,-4409
3084,-494,3710,1490,-1892,4425,1114,438,-4403
3084,-494,3710,1304,-2147,4329,1088,627,-4364
3084,-494,3710,1576,-2280,4267,1073,808,-4341
3084,-494,3710,1710,-2506,3896,1005,975,-4275
3084,-494,3710,1765,-3061,3477,899,1138,-4238
2121,750,3728,1775,-3066,3142,786,1283,-4176
2121,750,3728,1873,-3271,2905,674,1415,-4106
2121,750,3728,1877,-3259,2787,568,1563,-4054
2121,750,3728,1951,-3497,2477,481,1706,-3981
2121,750,3728,1973,-3795,2251,402,1817,-3926
2121,750,3728,2054,-4052,1887,350,1921,-3837
776,1448,3886,2185,-4289,1474,203,2045,-3761
776,1448,3886,2250,-4564,1085,45,2156,-3666
776,1448,3886,2518,-5012,881,-78,2254,-3562
776,1448,3886,2342,-5478,501,-188,2341,-3441
776,1448,3886,2260,-6140,-63,-286,2420,-3224
776,1448,3886,2105,-6615,-487,-414,2505,-3002
-505,1527,3984,1779,-6855,-887,-490,2527,-2723
-505,1527,3984,1468,-6977,-1394,-590,2522,-2419
-505,1527,3984,1105,-6937,-1604,-794,2487,-2039
-505,1527,3984,934,-6739,-1803,-1023,2469,-1670
-505,1527,3984,866,-6482,-1941,-1333,2472,-1336
-505,1527,3984,952,-6396,-1976,-1572,2484,-979
-505,1527,3984,722,-6190,-1895,-1825,2500,-686
-1090,1404,4141,528,-6092,-1679,-2064,2548,-363
-1090,1404,4141,458,-5768,-1543,-2379,2628,-29
-1090,1404,4141,670,-5468,-1901,-2787,2730,302
-1090,1404,4141,531,-5308,-2234,-3278,2861,660
-1090,1404,4141,848,-5033,-3101,-3687,2911,1035
-1090,1404,4141,888,-4812,-3730,-3948,2869,1388
-1014,1395,4821,844,-4460,-4334,-4171,2731,1714
-1014,1395,4821,905,-4107,-4936,-4315,2537,2018
-1014,1395,4821,1399,-3649,-5241,-4425,2288,2254
-1014,1395,4821,1439,-2879,-5261,-4515,2000,2399
-1014,1395,4821,1250,-2770,-5123,-4480,1785,2486
-1014,1395,4821,988,-2880,-4877,-4427,1623,2559
-548,937,6041,620,-2526,-5020,-4275,1468,2588
-548,937,6041,578,-1894,-5632,-4128,1269,2569
-548,937,6041,804,-1384,-6295,-4008,1005,2566
-548,937,6041,680,-1400,-6934,-3915,759,2576
-548,937,6041,813,-1091,-6819,-3891,478,2624
-548,937,6041,722,-380,-6948,-3833,222,2567
-548,937,6041,785,267,-6939,-3759,-23,2471
-136,-210,6952,791,771,-6807,-3604,-256,2409
-136,-210,6952,736,1322,-6931,-3412,-481,2295
-136,-210,6952,482,2001,-6798,-3273,-697,2156
-136,-210,6952,541,2687,-7032,-3187,-908,1977
-136,-210,6952,851,2927,-7398,-3132,-1150,1809
-136,-210,6952,1105,3083,-7385,-3033,-1382,1600
313,-1495,7203,1003,3429,-6890,-2927,-1617,1391
313,-1495,7203,908,3649,-6434,-2874,-1795,1179
313,-1495,7203,925,3463,-6141,-2927,-1929,994
313,-1495,7203,1203,2915,-5909,-3047,-2047,870
313,-1495,7203,1352,2444,-5565,-3156,-2142,760
313,-1495,7203,1081,1799,-4847,-3202,-2218,712
1022,-2719,6880,925,1651,-4414,-3222,-2278,696
1022,-2719,6880,914,1676,-3714,-3154,-2339,751
1022,-2719,6880,1066,1786,-3206,-3080,-2385,771
1022,-2719,6880,1145,2115,-2576,-2928,-2407,761
1022,-2719,6880,1238,2578,-2145,-2808,-2402,726
1022,-2719,6880,1211,2915,-1525,-2674,-2363,678
1609,-3769,5923,1276,3432,-1106,-2503,-2312,622
1609,-3769,5923,1216,4034,-901,-2272,-2242,450
1609,-3769,5923,1230,4531,-792,-2035,-2185,234
1609,-3769,5923,1182,4976,-540,-1867,-2143,-16
1609,-3769,5923,1180,5136,-337,-1685,-2106,-289
1609,-3769,5923,1131,5315,-297,-1462,-2063,-573
1609,-3769,5923,1164,5390,-312,-1256,-2052,-877
1953,-4164,4961,1287,5512,-296,-1082,-2048,-1201
1953,-4164,4961,1308,5370,-241,-969,-2030,-1516
1953,-4164,4961,1371,5023,-466,-884,-2024,-1795
1953,-4164,4961,1514,4840,-181,-513,-2048,-2073
1953,-4164,4961,1781,4643,-232,-662,-2085,-2339
1953,-4164,4961,1840,4218,75,-610,-2125,-2317
2567,-3821,4170,1916,3984,450,-541,-2156,-2751
2567,-3821,4170,1973,3823,930,-405,-2187,-2941
2567,-3821,4170,2051,3692,1251,-274,-2187,-3130
2567,-3821,4170,2122,3382,1570,-185,-2157,-3290
2567,-3821,4170,2008,3020,2187,-128,-2084,-3433
2567,-3821,4170,1932,2764,2742,-42,-1975,-3549
3126,-2842,3386,2038,2624,2983,-46,-1837,-3678
3126,-2842,3386,1833,2351,3322,-87,-1679,-3795
3126,-2842,3386,1865,2309,3784,-142,-1496,-3925
3126,-2842,3386,1755,2091,4473,-157,-1281,-4058
3126,-2842,3386,1719,1581,4710,-82,-1046,-4187
3126,-2842,3386,1789,1261,4766,51,-804,-4304
3129,-1438,2911,1794,834,5252,140,-566,-4427
3129,-1438,2911,1994,352,5264,283,-252,-4539
3129,-1438,2911,2045,-141,5072,473,-23,-4644
3129,-1438,2911,2212,-580,4783,629,179,-4734
3129,-1438,2911,2351,-1082,4455,739,363,-4811
3129,-1438,2911,2517,-1483,4369,815,536,-4868
3129,-1438,2911,2643,-1831,4012,879,683,-4937
2517,100,2880,2803,-2217,3670,934,816,-4963
2517,100,2880,2988,-2664,3110,966,911,-5026
2517,100,2880,3061,-3143,2963,1074,959,-5074
2517,100,2880,3080,-3503,2642,1131,991,-5106
2517,100,2880,2873,-3940,2398,1185,987,-5101
2517,100,2880,3098,-4372,2123,1204,962,-5045
1189,1022,2893,3180,-4678,1867,1166,916,-5010
1189,1022,2893,3148,-4380,1779,1078,912,-4951
1189,1022,2893,3109,-4518,1709,862,922,-4883
1189,1022,2893,3098,-4516,1283,611,934,-4802
1189,1022,2893,3063,-4523,1003,337,936,-4698
1189,1022,2893,3130,-4540,711,121,941,-4599
-288,1182,2664,3157,-4729,611,-69,933,-4516
-288,1182,2664,3212,-4896,508,-218,963,-4400
-288,1182,2664,3081,-4781,573,-350,1012,-4293
-288,1182,2664,3079,-4901,434,-444,1083,-4138
-288,1182,2664,2966,-4855,125,-520,1141,-3983
-288,1182,2664,2744,-4684,-383,-757,1182,-3817
-1486,754,2738,2561,-4505,-775,-1020,1178,-3614
-1486,754,2738,2424,-4598,-1409,-1509,1130,-3424
-1486,754,2738,2417,-4433,-1671,-1547,1080,-3240
-1486,754,2738,2342,-4668,-1654,-1766,1038,-3069
-1486,754,2738,2681,-4631,-1610,-1964,1029,-2864
-1486,754,2738,2968,-4306,-1395,-2072,1061,-2711
-1486,754,2738,2837,-4087,-1679,-2092,1016,-2566
-2086,451,2980,2579,-3770,-2007,-2109,963,-2439
-2086,451,2980,2691,-4033,-2276,-2204,917,-2054
-2086,451,2980,2803,-4189,-2108,-2277,865,-2084
-2086,451,2980,2761,-4347,-2052,-2408,831,-1886
-2086,451,2980,2943,-3956,-1457,-2464,848,-1693
-2086,451,2980,2956,-3971,-1584,-2579,896,-1484
-2434,242,3211,3054,-4376,-2055,-2754,977,-1211
-2434,242,3211,3075,-4453,-2338,-2900,1013,-918
-2434,242,3211,3359,-4391,-2795,-3003,774,-649
-2434,242,3211,3881,-4677,-3087,-3146,986,-419
-2434,242,3211,3528,-4451,-3079,-3438,1006,-216
-2434,242,3211,3349,-4539,-3192,-3792,1050,236
-2432,401,3675,3759,-4739,-3383,-3991,1035,210
-2432,401,3675,3798,-4928,-3486,-4049,939,370
-2432,401,3675,3701,-4772,-3009,-4039,833,514
-2432,401,3675,3539,-4615,-2605,-4101,791,671
-2432,401,3675,3696,-4798,-2627,-4203,827,913
-2432,401,3675,3706,-4788,-2814,-4322,874,1099
-2176,714,4368,3484,-4676,-2867,-4383,883,1246
-2176,714,4368,3109,-4508,-2950,-4525,894,1384
-2176,714,4368,3006,-3910,-2939,-4797,898,1788
-2176,714,4368,3195,-4179,-3148,-4926,850,1732
-2176,714,4368,3145,-3955,-3221,-4864,799,1941
-2176,714,4368,3223,-3657,-3293,-4706,757,2065
-2176,714,4368,3288,-3566,-3445,-4373,733,2151
-1776,740,5504,3037,-3072,-3385,-4705,708,2235
-1776,740,5504,2964,-2660,-3241,-4793,662,2311
-1776,740,5504,2917,-2469,-3306,-4746,604,2365
-1776,740,5504,2984,-1998,-3424,-4578,529,2399
-1776,740,5504,4024,-130,-4508,-4272,311,2323
-1776,740,5504,3368,-300,-3071,-4260,707,2116
-1338,119,6469,2874,-1849,-3721,-4263,509,2162
-1338,119,6469,2073,-1383,-3734,-4273,419,2192
-1338,119,6469,2907,-985,-4396,-4277,345,2234
-1338,119,6469,3518,-430,-4738,-4284,192,2273
-1338,119,6469,3494,594,-4204,-4359,78,2211
-1338,119,6469,3272,1252,-3887,-4406,-17,2081
-1100,-917,7022,3666,1572,-4052,-4415,-106,1881
-1100,-917,7022,4186,1536,-4333,-4324,-176,1624
-1100,-917,7022,3776,1914,-3653,-4163,-220,1347
-1100,-917,7022,3405,1702,-3062,-4022,-212,1125
-1100,-917,7022,3237,1427,-2886,-3903,-166,974
-1100,-917,7022,3351,1517,-2997,-3839,-127,898
-1100,-917,7022,3993,1789,-3384,-3778,-128,846
-1059,-2285,6957,4203,1909,-3638,-3813,-164,801
-1059,-2285,6957,4145,1853,-3624,-3864,-249,742
-1059,-2285,6957,4082,1838,-3292,-3976,-298,695
-1059,-2285,6957,4060,1690,-2990,-4073,-351,652
-1059,-2285,6957,3916,1220,-2664,-4219,-400,664
-1059,-2285,6957,3973,579,-2663,-4303,-454,710
-1063,-3465,6306,3898,121,-2431,-4330,-546,798
-1063,-3465,6306,3766,120,-2317,-4349,-626,897
-1063,-3465,6306,3714,242,-2262,-4371,-687,992
-1063,-3465,6306,3884,468,-2035,-4418,-770,1039
-1063,-3465,6306,4040,690,-1833,-4392,-853,1070
-1063,-3465,6306,4140,997,-1455,-4283,-943,1061
-1252,-4187,5166,4174,1468,-1150,-4061,-1016,1008
-1252,-4187,5166,4344,1984,-1001,-3834,-1068,960
-1252,-4187,5166,4303,2243,-983,-3613,-1123,815
-1252,-4187,5166,4302,2485,-966,-3378,-1170,665
-1252,-4187,5166,4407,2802,-1128,-3206,-1221,494
-1252,-4187,5166,4482,2826,-1230,-3043,-1271,318
-1448,-4262,4185,4429,2827,-1122,-2977,-1283,154
-1448,-4262,4185,4320,2750,-884,-2921,-1288,3
-1448,-4262,4185,4499,3039,-827,-2779,-1296,-143
-1448,-4262,4185,4702,3238,-738,-2638,-1301,-314
-1448,-4262,4185,4628,3370,-558,-2410,-1309,-477
-1448,-4262,4185,4467,3271,-242,-2246,-1314,-622
-1448,-4262,4185,4385,3297,56,-2045,-1285,-751
-1446,-4223,3594,4183,3489,497,-1912,-1259,-913
-1446,-4223,3594,4265,3564,354,-1742,-1193,-1075
-1446,-4223,3594,4302,3758,494,-1592,-1105,-1225
-1446,-4223,3594,4229,3855,289,-1393,-1071,-1376
-1446,-4223,3594,4196,4094,369,-1172,-1006,-1552
-1446,-4223,3594,4254,4194,187,-1007,-951,-1720
-1205,-4208,3263,4002,4242,186,-824,-908,-1845
-1205,-4208,3263,4012,4200,-75,-698,-855,-2000
-1205,-4208,3263,4054,3894,-389,-625,-842,-2136
-1205,-4208,3263,3983,3512,-633,-650,-860,-2238
-1205,-4208,3263,3917,3093,-860,-706,-895,-2304
-1205,-4208,3263,3866,2932,-989,-734,-945,-2325
-624,-4391,3073,4008,3004,-918,-767,-1003,-2371
-624,-4391,3073,3918,3277,-708,-787,-1026,-2456
-624,-4391,3073,4335,3466,-307,-808,-1032,-2549
-624,-4391,3073,3973,3763,15,-792,-1003,-2654
-624,-4391,3073,4111,3809,229,-691,-975,-2766
-624,-4391,3073,3944,3894,214,-611,-944,-2909
135,-4368,2837,3949,3713,-65,-489,-962,-3030
135,-4368,2837,3767,3519,-252,-393,-1004,-3157
135,-4368,2837,3726,3240,-564,-309,-1076,-3235
135,-4368,2837,3492,3089,-607,-259,-1169,-3274
135,-4368,2837,3331,3061,-749,-215,-1260,-3292
135,-4368,2837,3005,3125,-733,-183,-1342,-3314
135,-4368,2837,2856,3012,-329,-98,-1444,-3298
957,-4195,2607,2596,2746,-296,-23,-1576,-3304
957,-4195,2607,2361,3037,-148,36,-1663,-3296
957,-4195,2607,2312,3135,-114,130,-1743,-3302
957,-4195,2607,2150,3334,154,154,-1775,-3317
957,-4195,2607,2051,3265,339,169,-1795,-3339
957,-4195,2607,2064,3316,773,147,-1543,-3359
1632,-3769,2424,1764,3520,1530,162,-1747,-3404
1632,-3769,2424,1973,3327,1283,195,-1741,-3446
1632,-3769,2424,1809,3189,1502,133,-1726,-3485
1632,-3769,2424,1671,3028,1909,101,-1699,-3537
1632,-3769,2424,1543,2898,2231,69,-1611,-3580
1632,-3769,2424,1455,2853,3007,80,-1523,-3609
1969,-3154,2065,1466,2556,3319,121,-1405,-3663
1969,-3154,2065,1408,2230,3095,142,-1282,-3718
1969,-3154,2065,1093,1869,3407,138,-1195,-3721
1969,-3154,2065,893,1761,3570,158,-1045,-3719
1969,-3154,2065,893,1939,4054,281,-902,-3744
1969,-3154,2065,866,1706,4171,350,-778,-3797
2161,-2329,1845,823,1473,4292,446,-607,-3854
2161,-2329,1845,850,1002,4050,510,-434,-3911
2161,-2329,1845,799,497,3855,563,-293,-3972
2161,-2329,1845,891,221,3865,575,-161,-4014
2161,-2329,1845,948,-114,3871,587,-32,-4059
2161,-2329,1845,1156,-386,3735,610,104,-4108
2161,-2329,1845,1168,-877,3549,591,215,-4141
2253,-1511,1762,1219,-1311,3450,556,330,-4152
2253,-1511,1762,1300,-1610,3188,492,426,-4143
2253,-1511,1762,1353,-1949,2939,384,533,-4127
2253,-1511,1762,1417,-2302,2753,329,627,-4112
2253,-1511,1762,1496,-2688,2542,321,692,-4076
2253,-1511,1762,1543,-2979,2269,371,752,-4034
2133,-598,1892,1764,-3146,2003,398,791,-3976
2133,-598,1892,2005,-3185,1741,426,817,-3959
2133,-598,1892,2205,-3441,1531,470,829,-3946
2133,-598,1892,2329,-3685,1286,497,831,-3920
2133,-598,1892,2577,-3923,1067,502,832,-3858
2133,-598,1892,2545,-4189,1135,395,826,-3848
1651,129,2031,2653,-4469,791,174,919,-3797
1651,129,2031,2533,-4756,971,-62,974,-3738
1651,129,2031,2425,-5009,1064,-203,1049,-3639
1651,129,2031,2363,-5153,982,-249,1111,-3497
1651,129,2031,2270,-5380,639,-334,1165,-3356
1651,129,2031,2224,-5678,166,-438,1196,-3171
994,732,2289,1932,-5910,-228,-577,1196,-2951
994,732,2289,1608,-5928,-643,-691,1178,-2677
994,732,2289,1223,-5943,-781,-805,1112,-2368
994,732,2289,1222,-5596,-665,-1008,1115,-2102
994,732,2289,1129,-5519,-599,-1289,1119,-1853
994,732,2289,1491,-5445,-466,-1520,1190,-1608
994,732,2289,1471,-5479,-328,-1709,1227,-1410
595,1144,2703,1565,-5383,-467,-1873,1291,-1220
595,1144,2703,1276,-5258,-529,-2010,1351,-1040
595,1144,2703,1128,-5072,-647,-2136,1434,-858
595,1144,2703,1104,-4858,-845,-2308,1495,-640
595,1144,2703,1451,-4911,-1117,-2452,1764,-469
595,1144,2703,1308,-4822,-1209,-2629,1555,-307
496,1468,3623,1235,-4901,-1258,-2775,1600,-123
496,1468,3623,1319,-4985,-1370,-2912,1651,59
496,1468,3623,1255,-5005,-1433,-3026,1694,249
496,1468,3623,1218,-5003,-1315,-3089,1726,444
496,1468,3623,1284,-4936,-1339,-3132,1764,650
496,1468,3623,1354,-4704,-1644,-3224,1834,906
654,1432,4871,1423,-5057,-1876,-3271,1901,1075
654,1432,4871,1852,-4154,-1820,-3361,1974,1284
654,1432,4871,1873,-4227,-1613,-3381,1986,1448
654,1432,4871,2049,-3911,-2134,-3416,2044,1574
654,1432,4871,2209,-3619,-2325,-3451,2118,1674
654,1432,4871,2316,-3230,-2395,-3472,2163,1753
654,664,6197,2386,-2825,-2536,-3369,2178,1808
827,721,6197,2789,-2401,-2708,-3295,2182,1846
827,721,6197,2586,-2250,-3008,-3219,2176,1891
827,721,6197,2487,-1949,-3089,-3202,2200,1932
827,721,6197,3106,-1602,-3293,-3158,2162,1944
827,721,6197,2901,-1443,-3112,-3071,2120,1927
827,721,6197,2520,-959,-3660,-2952,2082,1874
556,-458,7078,2862,-903,-3217,-2845,2073,1813
556,-458,7078,3316,-806,-3164,-2742,2087,1772
556,-458,7078,3210,-460,-3010,-2639,2130,1738
556,-458,7078,3172,-74,-3008,-2563,2172,1736
556,-458,7078,3424,88,-3089,-2453,2243,1662
556,-458,7078,3687,-31,-3580,-2357,2264,1609
-223,-1475,7278,3742,56,-3893,-2078,2243,1536
-223,-1475,7278,3751,328,-4018,-2268,2207,1478
-223,-1475,7278,3974,619,-4595,-2202,2135,1394
-223,-1475,7278,4137,745,-4888,-2135,2037,1282
-223,-1475,7278,4006,738,-5465,-2104,1894,1197
-223,-1475,7278,3518,560,-6015,-2114,1723,1105
-1080,-2185,7013,3194,270,-6634,-2158,1469,1029
-1080,-2185,7013,2884,104,-7119,-2277,1219,983
-1080,-2185,7013,2769,68,-7436,-2452,902,943
-1080,-2185,7013,2595,129,-7479,-2637,568,941
-1080,-2185,7013,2403,471,-7124,-2810,226,960
-1080,-2185,7013,2458,602,-6737,-2875,-93,954
-1080,-2185,7013,2867,831,-6972,-2867,-385,869
-1520,-2797,6539,3293,909,-7034,-2868,-693,791
-1520,-2797,6539,3500,1157,-7295,-2938,-988,735
-1520,-2797,6539,3998,1241,-7069,-3048,-1253,677
-1520,-2797,6539,3959,1173,-6949,-3148,-1502,622
-1520,-2797,6539,3893,489,-6509,-3183,-1695,639
-1520,-2797,6539,3808,272,-6303,-3209,-1883,659
-1368,-3480,6107,3679,-55,-5912,-3201,-1979,685
-1368,-3480,6107,3478,-140,-5272,-3175,-2071,735
-1368,-3480,6107,3476,146,-4927,-3139,-2116,777
-1368,-3480,6107,3531,608,-4645,-2979,-2138,796
-1368,-3480,6107,3763,1107,-4561,-2825,-2139,762
-1368,-3480,6107,4013,1457,-4524,-2726,-2139,703
-1141,-3976,5568,4046,1512,-4409,-2692,-2125,665
-1141,-3976,5568,3833,1663,-4088,-2703,-2084,585
-1141,-3976,5568,3891,1809,-3577,-2680,-2040,491
-1141,-3976,5568,4018,1888,-3345,-2580,-1989,386
-1141,-3976,5568,3872,1814,-3312,-2459,-1918,282
-1141,-3976,5568,3875,2203,-3321,-2334,-1856,171
-1001,-4285,5044,3957,2417,-3240,-2213,-1804,76
-1001,-4285,5044,3984,2588,-3495,-2089,-1780,241
-1001,-4285,5044,3838,2606,-3717,-1979,-1784,-110
-1001,-4285,5044,3861,2627,-3986,-1861,-1829,-169
-1001,-4285,5044,3914,2778,-4182,-1755,-1883,-298
-1001,-4285,5044,4049,2847,-4198,-1632,-1955,-403
-1001,-4285,5044,3944,2892,-4098,-1501,-2026,-519
-806,-4418,4592,4088,2992,-3972,-1296,-2089,-634
-806,-4418,4592,4015,3128,-3864,-793,-2173,-779
-806,-4418,4592,4270,3288,-3973,-856,-2266,-904
-806,-4418,4592,4109,3603,-3732,-773,-2360,-1046
-806,-4418,4592,3941,3659,-3520,-762,-2449,-1174
-806,-4418,4592,3768,3614,-3095,-834,-2516,-1281
-423,-4551,4422,3580,3450,-3024,-972,-2528,-1411
-423,-4551,4422,3222,3130,-2803,-1129,-2555,-1503
-423,-4551,4422,3183,2627,-2477,-1185,-2574,-1555
-423,-4551,4422,2858,2294,-2163,-1139,-2606,-1571
-423,-4551,4422,2732,1970,-2133,-1052,-2653,-1573
-423,-4551,4422,2389,1781,-2159,-944,-2691,-1529
202,-4671,4085,2311,1821,-2015,-845,-2734,-1494
202,-4671,4085,1917,1723,-1744,-752,-2807,-1449
202,-4671,4085,1926,1746,-1427,-660,-2886,-1418
202,-4671,4085,2016,2100,-1111,-561,-2930,-1377
202,-4671,4085,1911,2091,-673,-517,-2984,-1388
202,-4671,4085,1375,2149,-424,-496,-2967,-1409
202,-4671,4085,1287,2013,260,-443,-2966,-1432
649,-4640,3745,1106,2104,463,-356,-2941,-1459
649,-4640,3745,995,2164,639,-251,-2924,-1477
649,-4640,3745,812,2167,928,-97,-2889,-1499
649,-4640,3745,656,2244,1154,37,-2847,-1509
649,-4640,3745,516,2352,1287,138,-2815,-1502
649,-4640,3745,673,2483,1608,232,-2772,-1506
943,-4582,3442,440,2624,2039,344,-2713,-1508
943,-4582,3442,470,2508,2201,403,-2654,-1549
943,-4582,3442,218,2648,2433,433,-2564,-1597
943,-4582,3442,273,2671,2245,458,-2494,-1652
943,-4582,3442,-163,2945,3113,509,-2352,-1697
943,-4582,3442,-59,2970,3416,544,-2241,-1776
1280,-4456,3310,-118,3176,3706,591,-2085,-1848
1280,-4456,3310,-134,3240,3746,625,-1921,-1912
1280,-4456,3310,-105,3409,3957,650,-1787,-2015
1280,-4456,3310,-250,3632,4426,640,-1600,-2159
1280,-4456,3310,-236,3424,4159,620,-1407,-2248
1280,-4456,3310,-291,3225,3983,644,-1236,-2391
1769,-4208,3238,-334,2976,4085,598,-1116,-2542
1769,-4208,3238,-12,2688,3945,558,-926,-2612
1769,-4208,3238,-157,2549,4024,490,-764,-2741
1769,-4208,3238,-453,2307,3841,473,-593,-2849
1769,-4208,3238,86,2026,3870,503,-435,-2946
1769,-4208,3238,-315,1969,3680,538,-302,-3047
1769,-4208,3238,98,1720,3574,601,-174,-3142
2484,-3648,3248,-18,1768,3565,634,-65,-3248
2484,-3648,3248,272,1474,3422,690,22,-3384
2484,-3648,3248,460,1114,3093,688,68,-3504
2484,-3648,3248,500,808,2686,697,86,-3600
2484,-3648,3248,718,392,2602,682,72,-3686
2484,-3648,3248,352,-2,2498,666,58,-3773
3155,-2579,3391,491,-501,2560,702,38,-3848
3155,-2579,3391,677,-1047,2619,722,54,-3916
3155,-2579,3391,848,-1412,2487,737,22,-3952
3155,-2579,3391,941,-1821,2358,641,7,-3934
3155,-2579,3391,959,-2307,2514,607,49,-3923
3155,-2579,3391,932,-2720,2438,553,60,-3902
3245,-1272,3413,874,-3174,2791,762,117,-3868
3245,-1272,3413,973,-3582,3072,410,239,-3834
3245,-1272,3413,824,-3840,3333,331,425,-3783
3245,-1272,3413,815,-4072,3532,219,626,-3713
3245,-1272,3413,1217,-4305,3290,159,838,-3614
3245,-1272,3413,1119,-4335,3046,137,991,-3505
3245,-18,3611,1121,-4223,2691,166,1079,-3379
2787,-18,3611,1074,-4108,2283,157,1125,-3308
2787,-18,3611,1091,-4215,1966,84,1145,-3237
2787,-18,3611,1080,-4032,1421,34,1110,-3173
2787,-18,3611,1092,-4338,984,-87,1033,-3114
2787,-18,3611,994,-4212,755,-249,967,-3071
2787,-18,3611,1067,-4548,305,-409,893,-3010
2013,923,3974,1140,-4829,117,-574,830,-2915
2013,923,3974,1191,-5081,-142,-718,764,-2824
2013,923,3974,1191,-5127,-341,-765,683,-2721
2013,923,3974,1347,-5123,-550,-766,598,-2591
2013,923,3974,1489,-5127,-669,-734,512,-2488
2013,923,3974,1504,-4916,-1181,-695,447,-2409
1069,1393,4371,1502,-4964,-1329,-765,375,-2343
1069,1393,4371,1398,-5128,-1700,-893,344,-2256
1069,1393,4371,1166,-5006,-1883,-1028,316,-2126
1069,1393,4371,1008,-4888,-1953,-1172,292,-2013
1069,1393,4371,881,-4809,-1985,-1304,266,-1862
1069,1393,4371,750,-4890,-2372,-1482,249,-1683
275,1483,4859,525,-5015,-2532,-1629,209,-1507
275,1483,4859,368,-5116,-2592,-1786,158,-1320
275,1483,4859,186,-5202,-2505,-1942,124,-1090
275,1483,4859,167,-5373,-2348,-2113,93,-872
275,1483,4859,380,-5320,-2439,-2340,105,-661
275,1483,4859,585,-5157,-2220,-2607,135,-471
275,1483,4859,743,-5049,-2230,-2918,185,-302
-110,1245,5675,957,-4687,-2499,-3221,241,-151
-110,1245,5675,1166,-4398,-2675,-3495,286,-5
-110,1245,5675,1295,-4231,-2708,-3657,296,63
-110,1245,5675,1288,-4202,-2624,-3758,330,98
-110,1245,5675,1317,-4255,-2843,-3916,382,157
-110,1245,5675,1388,-4088,-3099,-4092,450,201
-221,394,6675,1128,-3739,-2803,-4126,511,236
-221,394,6675,1199,-3655,-2777,-4066,531,251
-221,394,6675,1171,-3481,-2844,-4029,592,273
-221,394,6675,1215,-3225,-2893,-3959,674,317
-221,394,6675,1507,-2975,-2951,-3900,776,336
-221,394,6675,1525,-2631,-2901,-3797,888,367
-363,-1070,7254,1472,-2240,-2933,-3612,981,375
-363,-1070,7254,1689,-2016,-3247,-3400,1060,361
-363,-1070,7254,2200,-2252,-3654,-3345,1143,392
-363,-1070,7254,2306,-2224,-3333,-3332,1244,498
-363,-1070,7254,2301,-1797,-2936,-3277,1361,619
-363,-1070,7254,2415,-1413,-2685,-3204,1507,749
-861,-2276,7009,2788,-1056,-2802,-3181,1660,823
-861,-2276,7009,3415,-933,-3344,-3221,1815,921
-861,-2276,7009,3909,-879,-3670,-3323,1935,1042
-861,-2276,7009,3993,-509,-3499,-3419,2023,1162
-861,-2276,7009,4052,-248,-3393,-3487,2070,1260
-861,-2276,7009,4441,199,-3671,-3561,2079,1322
-861,-2276,7009,4324,218,-3320,-3599,2028,1425
-1695,-3111,6133,4923,467,-3131,-3629,2016,1440
-1695,-3111,6133,4983,615,-3077,-3628,1996,1466
-1695,-3111,6133,4749,533,-2890,-3651,1951,1488
-1695,-3111,6133,4491,378,-2796,-3638,1899,1533
-1695,-3111,6133,4541,699,-2829,-3660,1814,1572
-1695,-3111,6133,4574,1004,-2905,-3666,1720,1582
-2404,-3266,4844,4594,1312,-3085,-3645,1596,1539
-2404,-3266,4844,4632,1516,-3352,-3574,1444,1485
-2404,-3266,4844,4683,1763,-3291,-3491,1235,1406
-2404,-3266,4844,4439,1987,-3871,-3438,941,1238
-2404,-3266,4844,4416,2152,-3878,-3413,709,1055
-2404,-3266,4844,4124,1772,-3818,-3385,482,920
-2712,-2819,3879,4048,1376,-3220,-3357,19,785
-2712,-2819,3879,3885,1191,-3104,-3274,89,667
-2712,-2819,3879,3858,992,-2710,-3155,-62,585
-2712,-2819,3879,3764,748,-2431,-3011,-186,519
-2712,-2819,3879,3785,572,-2262,-2890,-278,490
-2712,-2819,3879,4090,463,-2155,-2762,-370,473
-2712,-2819,3879,4024,158,-2104,-2673,-464,490
-2822,-2243,3401,4162,-44,-1990,-2675,-532,542
-2822,-2243,3401,4094,-244,-1833,-2674,-550,632
-2822,-2243,3401,4094,-352,-1620,-2732,-566,675
-2822,-2243,3401,4113,-405,-1692,-2852,-579,739
-2822,-2243,3401,4189,-527,-1726,-2998,-594,802
-2822,-2243,3401,4657,-710,-1856,-3138,-641,866
-2948,-1691,3394,4834,-952,-1734,-3293,-687,927
-2948,-1691,3394,4792,-1190,-1553,-3411,-732,976
-2948,-1691,3394,4981,-1219,-1353,-3488,-765,1047
-2948,-1691,3394,5003,-1189,-1246,-3554,-1020,1055
-2948,-1691,3394,5122,-1274,-1206,-3593,-794,1062
-2948,-1691,3394,5191,-1235,-1091,-3567,-805,1033
-2932,-954,3710,5174,-1080,-1126,-3506,-794,997
-2932,-954,3710,5306,-878,-1082,-3448,-780,943
-2932,-954,3710,5208,-632,-1264,-3444,-745,883
-2932,-954,3710,5150,-418,-1516,-3398,-731,803
-2932,-954,3710,5121,-427,-1891,-3423,-712,686
-2932,-954,3710,4972,-433,-2016,-3439,-715,589
-2936,-479,4233,4818,-583,-2320,-3418,-751,494
-2936,-479,4233,4734,-713,-2352,-3462,-800,429
-2936,-479,4233,4683,-741,-2417,-3482,-851,377
-2936,-479,4233,4610,-824,-2419,-3470,-899,377
-2936,-479,4233,4587,-593,-2423,-3488,-913,329
-2936,-479,4233,4598,-338,-2514,-3521,-966,263
-2936,-479,4233,4716,-300,-2344,-3493,-997,195
-2825,-466,4973,4845,-90,-2168,-3453,-1034,113
-2825,-466,4973,4792,76,-2161,-3377,-1065,40
-2825,-466,4973,4884,432,-1975,-3313,-1055,-61
-2825,-466,4973,4954,712,-2008,-3180,-1059,-131
-2825,-466,4973,4932,1026,-1545,-3034,-1045,-254
-2825,-466,4973,4904,1366,-1596,-2852,-1035,-410
-2709,-877,5638,4763,1983,-1554,-2613,-987,-541
-2709,-877,5638,4921,2209,-1277,-2385,-952,-703
-2709,-877,5638,5369,2733,-1274,-2145,-912,-878
-2709,-877,5638,5155,3063,-1101,-1979,-870,-1062
-2709,-877,5638,5167,3281,-883,-1848,-798,-1237
-2709,-877,5638,5101,3363,-804,-1759,-716,-1413
-2566,-1583,5973,5267,3547,-802,-1666,-630,-1585
-2566,-1583,5973,5302,3616,-940,-1569,-559,-1799
-2566,-1583,5973,5276,3425,-1149,-1477,-481,-1990
-2566,-1583,5973,5060,3122,-1468,-1369,-443,-2135
-2566,-1583,5973,5096,3032,-1877,-1242,-433,-2252
-2566,-1583,5973,5080,2936,-2243,-1143,-450,-2354
-2566,-1583,5973,5059,2909,-2688,-1114,-483,-2415
-2328,-2506,6027,4893,2679,-2842,-1155,-521,-2477
-2328,-2506,6027,4670,2588,-2960,-1206,-588,-2507
-2328,-2506,6027,4595,2669,-2834,-1246,-664,-2568
-2328,-2506,6027,4485,3045,-2784,-1241,-723,-2624
-2328,-2506,6027,4357,2974,-2749,-1198,-783,-2694
-2328,-2506,6027,4268,2959,-2489,-1174,-852,-2732
-1732,-3437,5944,4037,3044,-2240,-1100,-890,-2766
-1732,-3437,5944,3893,3025,-2086,-1087,-945,-2745
-1732,-3437,5944,3868,3200,-2038,-1030,-973,-2777
-1732,-3437,5944,3675,3407,-1699,-948,-1002,-2821
-1732,-3437,5944,3452,3615,-1587,-806,-1038,-2865
-1732,-3437,5944,3668,3722,-1484,-653,-1081,-2888
-707,-4122,5763,3220,3832,-1055,-524,-1093,-2947
-707,-4122,5763,3048,3666,-511,-411,-1102,-2994
-707,-4122,5763,2774,3766,-260,-294,-1068,-3055
-707,-4122,5763,2639,3617,-29,-100,-1062,-3101
-707,-4122,5763,2271,3585,-376,-2,-1107,-3157
-707,-4122,5763,2376,3254,-465,30,-1104,-3200
563,-4309,5629,2014,3383,-121,15,-1092,-3215
563,-4309,5629,1913,3277,20,-6,-1077,-3255
563,-4309,5629,1743,3013,18,34,-1073,-3296
563,-4309,5629,1817,2709,-131,47,-1111,-3312
563,-4309,5629,1743,2571,170,60,-1129,-3274
563,-4309,5629,1279,2725,770,106,-1106,-3307
563,-4309,5629,1126,2658,1480,228,-1017,-3347
1812,-3984,5521,941,2517,1836,342,-889,-3390
1812,-3984,5521,789,2367,2120,394,-749,-3434
1812,-3984,5521,780,2275,2435,439,-606,-3478
1812,-3984,5521,581,2092,2637,514,-433,-3535
1812,-3984,5521,502,1834,2942,603,-270,-3598
1812,-3984,5521,423,1497,2686,715,-116,-3664
2739,-3037,5454,297,1229,2262,843,-4,-3698
2739,-3037,5454,296,948,1927,962,56,-3760
2739,-3037,5454,277,541,1660,1106,62,-3821
2739,-3037,5454,367,113,1031,1280,9,-3860
2739,-3037,5454,-225,-243,1241,1482,-111,-3912
2739,-3037,5454,-261,-560,948,1544,-272,-3974
3054,-1578,5542,0,-992,1053,1646,-350,-3984
3054,-1578,5542,-172,-1118,1018,1632,-427,-3962
3054,-1578,5542,-54,-1234,838,1642,-479,-3948
3054,-1578,5542,-32,-1694,1157,1584,-547,-3942
3054,-1578,5542,-65,-2063,1528,1477,-566,-3940
3054,-1578,5542,485,-2659,1105,1381,-491,-3925
2689,-113,5264,4,-3000,1825,1245,-469,-3927
2689,-113,5264,750,-3423,1804,1084,-320,-3899
2689,-113,5264,474,-3770,1986,900,-190,-3849
2689,-113,5264,140,-4708,1747,714,-54,-3729
2689,-113,5264,-34,-5032,2147,583,64,-3570
2689,-113,5264,208,-5566,1699,451,182,-3393
2689,-113,5264,117,-5895,1846,371,273,-3161
1657,960,5110,-248,-5902,1855,306,337,-2938
1657,960,5110,-460,-6113,1726,266,413,-2702
1657,960,5110,-372,-6141,2056,205,517,-2473
1657,960,5110,-308,-6050,2073,177,632,-2259
1657,960,5110,-104,-5844,2242,215,777,-2024
1657,960,5110,73,-5501,2280,214,939,-1857
707,1345,5176,242,-5334,2350,220,1105,-1727
707,1345,5176,346,-5176,2242,163,1293,-1618
707,1345,5176,342,-4954,1985,21,1508,-1483
707,1345,5176,430,-4818,1865,-195,1748,-1338
707,1345,5176,830,-4660,1761,-405,2000,-1203
707,1345,5176,545,-4235,1391,-624,2199,-1075
4,1391,5220,953,-4047,1125,-816,2355,-972
4,1391,5220,1188,-3922,941,-1015,2513,-854
4,1391,5220,813,-3694,598,-1224,2636,-760
4,1391,5220,1419,-3649,334,-1424,2767,-639
4,1391,5220,1550,-3532,-4,-1580,2886,-517
4,1391,5220,1580,-3364,-273,-1737,2999,-401
4,1391,5220,1808,-3190,-535,-1830,3091,-278
-633,1204,5622,2187,-3103,-525,-1822,3169,-184
-633,1204,5622,2253,-2943,-769,-1778,3198,-98
-633,1204,5622,2437,-2575,-1263,-1779,3219,-27
-633,1204,5622,2607,-2785,-1486,-1551,3256,53
-633,1204,5622,2897,-2236,-1940,-1885,3277,105
-633,1204,5622,2990,-1999,-2347,-2009,3326,154
-1265,885,5825,3203,-1690,-2716,-2149,3346,187
-1265,885,5825,3272,-1506,-2969,-2271,3360,234
-1265,885,5825,3403,-1479,-3224,-2416,3347,288
-1265,885,5825,3525,-1319,-3530,-2506,3309,358
-1265,885,5825,3483,-1363,-3786,-2579,3224,417
-1265,885,5825,3467,-1247,-4082,-2660,3115,482
-1835,503,5827,3369,-1081,-4211,-2750,3010,553
-1835,503,5827,3483,-855,-4250,-2840,2870,612
-1835,503,5827,3575,-659,-4400,-2925,2773,653
-1835,503,5827,3612,-345,-4180,-3031,2690,669
-1835,503,5827,3636,-410,-4161,-3070,2637,696
-1835,503,5827,3627,-657,-4151,-3018,2572,713
-2270,117,5740,3744,-702,-4304,-2904,2497,748
-2270,117,5740,3889,-665,-4256,-2769,2416,761
-2270,117,5740,3511,-627,-3959,-2600,2358,743
-2270,117,5740,3892,-256,-4430,-2481,2319,723
-2270,117,5740,3710,-314,-4774,-2355,2241,667
-2270,117,5740,3975,-503,-5048,-2278,2169,622
-2270,117,5740,3732,-24,-4998,-2174,2082,562
-2516,-132,5491,3454,418,-4722,-2082,1968,496
-2516,-132,5491,3548,574,-5001,-1893,1835,420
-2516,-132,5491,3729,353,-5429,-1749,1671,338
-2516,-132,5491,4287,435,-5511,-1646,1493,247
-2516,-132,5491,3399,351,-5208,-1533,1299,152
-2516,-132,5491,3505,37,-4996,-1452,1145,68
-2713,-235,5179,3385,113,-4879,-1407,988,13
-2713,-235,5179,3501,-125,-4688,-1362,854,17
-2713,-235,5179,3718,-540,-4730,-1325,752,21
-2713,-235,5179,3649,-819,-4586,-1311,663,67
-2713,-235,5179,3618,-874,-4340,-1323,570,138
-2713,-235,5179,3565,-598,-4045,-1320,523,201
-2743,-277,5141,3696,-354,-4130,-1352,463,250
-2743,-277,5141,3816,-36,-4052,-1353,400,264
-2743,-277,5141,3866,262,-4120,-1367,362,296
-2743,-277,5141,3936,742,-4169,-1377,320,244
-2743,-277,5141,3878,1102,-4206,-1368,20,171
-2743,-277,5141,3901,1107,-4240,-1344,175,69
-2743,-277,5212,3623,1172,-4532,-1271,133,-17
-2788,-349,5212,3660,1252,-4389,-1235,49,-127
-2788,-349,5212,3465,1383,-4489,-1201,-10,-209
-2788,-349,5212,3419,1421,-4549,-1182,-92,-16
-2788,-349,5212,3287,1335,-4656,-1136,-183,-308
-2788,-349,5212,3477,1165,-4868,-1057,-293,-374
-2788,-349,5212,3401,1329,-4645,-966,-405,-443
-2799,-544,5291,3387,1690,-4941,-892,-554,-535
-2799,-544,5291,4237,1503,-4907,-853,-718,-620
-2799,-544,5291,3762,1380,-4734,-813,-843,-687
-2799,-544,5291,4261,1097,-4598,-756,-981,-683
-2799,-544,5291,4016,1020,-4514,-761,-1063,-682
-2799,-544,5291,4015,829,-4577,-778,-1155,-669
-2756,-876,5649,3874,714,-4513,-887,-1213,-642
-2756,-876,5649,3936,645,-4620,-1028,-1269,-599
-2756,-876,5649,3758,619,-4645,-1187,-1319,-555
-2756,-876,5649,4183,473,-4759,-1366,-1362,-495
-2756,-876,5649,3947,355,-5046,-1519,-1442,-430
-2756,-876,5649,4121,293,-5209,-1695,-1527,-356
-2462,-1297,6138,4009,141,-5272,-1861,-1600,-242
-2462,-1297,6138,3867,245,-5104,-2003,-1701,-163
-2462,-1297,6138,3709,281,-5087,-2124,-1791,-142
-2462,-1297,6138,3763,237,-5066,-2202,-1882,-119
-2462,-1297,6138,3630,246,-5142,-2247,-1991,-98
-2462,-1297,6138,3449,217,-4957,-2238,-2092,-76
-2462,-1297,6138,3433,165,-4654,-2293,-2188,-26
-1970,-1913,6588,3317,335,-4424,-2316,-2267,2
-1970,-1913,6588,3451,571,-4357,-2352,-2325,22
-1970,-1913,6588,3563,813,-4262,-2347,-2403,-7
-1970,-1913,6588,3599,1033,-4172,-2308,-2464,-31
-1970,-1913,6588,3599,1187,-4095,-2274,-2519,-68
-1970,-1913,6588,3442,1234,-3904,-2248,-2565,-81
-1200,-2699,6803,3409,1391,-3696,-2193,-2582,-81
-1200,-2699,6803,3284,1580,-3383,-2210,-2812,-109
-1200,-2699,6803,3035,1669,-3013,-2225,-2522,-126
-1200,-2699,6803,2705,1701,-2759,-2233,-2470,-156
-1200,-2699,6803,2569,1760,-2822,-2201,-2410,-169
-1200,-2699,6803,2474,1908,-2945,-2184,-2384,-184
-343,-3426,6623,2485,2085,-2966,-2163,-2382,-189
-343,-3426,6623,2536,2322,-2915,-2106,-2413,-196
-343,-3426,6623,2549,2617,-2754,-2030,-2450,-248
-343,-3426,6623,2706,2900,-2519,-2024,-2520,-320
-343,-3426,6623,2780,3083,-2186,-1997,-2567,-442
-343,-3426,6623,2688,3388,-1723,-1944,-2592,-584
501,-4057,6073,2754,3658,-1253,-1828,-2615,-741
501,-4057,6073,2810,3664,-707,-1663,-2641,-883
501,-4057,6073,2550,3872,-13,-1512,-2609,-1047
501,-4057,6073,2453,3819,364,-1383,-2568,-1209
501,-4057,6073,2530,3596,680,-1323,-2471,-1373
501,-4057,6073,2039,3695,895,-1211,-2347,-1510
501,-4057,6073,1709,3571,880,-1128,-2213,-1603
1360,-4277,5345,1383,3593,754,-1016,-2079,-1664
1360,-4277,5345,991,3403,654,-935,-1983,-1689
1360,-4277,5345,1009,3425,407,-844,-1908,-1656
1360,-4277,5345,1098,3484,348,-771,-1860,-1694
1360,-4277,5345,961,3567,-7,-724,-1884,-1719
1360,-4277,5345,988,3836,22,-746,-1897,-1763
2168,-4126,4689,1102,3535,154,-751,-1921,-1828
2168,-4126,4689,299,3639,36,-766,-1931,-1905
2168,-4126,4689,934,3256,367,-825,-1934,-1972
2168,-4126,4689,413,3081,321,-888,-1931,-1979
2168,-4126,4689,694,2802,342,-892,-1973,-1997
2168,-4126,4689,443,2631,571,-837,-2030,-2015
2754,-3647,3946,525,2425,816,-744,-2091,-2015
2754,-3647,3946,540,2556,1298,-645,-2155,-1993
2754,-3647,3946,591,2385,1937,-546,-2176,-1968
2754,-3647,3946,666,2550,2526,-470,-2160,-1959
2754,-3647,3946,820,2800,3030,-387,-2097,-1956
2754,-3647,3946,852,3172,3232,-365,-1991,-1957
2754,-3647,3946,969,3283,3416,-405,-1877,-1992
3004,-3017,3150,942,3152,3718,-599,-1722,-2022
3004,-3017,3150,771,3475,3840,-840,-1528,-2082
3004,-3017,3150,619,2432,3733,-1088,-1341,-2224
3004,-3017,3150,1069,3491,4551,-1199,-1057,-2089
3004,-3017,3150,585,3217,4627,-1252,-792,-2456
3004,-3017,3150,929,2935,4757,-1247,-553,-2628
3000,-2073,2634,707,2677,4728,-1168,-306,-2800
3000,-2073,2634,1209,2247,4592,-1014,-70,-2978
3000,-2073,2634,582,2046,4383,-795,105,-3130
3000,-2073,2634,1129,1987,4481,-491,259,-3282
3000,-2073,2634,784,1535,4276,-182,380,-3388
3000,-2073,2634,1127,1270,4106,94,497,-3498
2919,-887,2648,1105,1050,3774,266,597,-3603
2919,-887,2648,1468,570,3470,338,670,-3720
2919,-887,2648,1607,103,3400,384,704,-3823
2919,-887,2648,1668,20,3100,411,721,-3899
2919,-887,2648,1793,-481,3173,484,792,-3962
2919,-887,2648,1917,-707,2895,476,812,-4026
2382,218,2858,2277,-1227,3020,478,858,-4083
2382,218,2858,1638,-1154,2815,441,914,-4097
2382,218,2858,2391,-1801,2827,391,968,-4089
