xmag,ymag,zmag,xaccel,yaccel,zaccel,xgyro,ygyro,zgyro
2928,-1298,2912,-2425,-115,3619,102,1294,241
2960,-1319,2903,-2519,-10,3602,110,1256,239
2960,-1319,2903,-2120,32,3544,100,1237,216
2960,-1319,2903,-2044,52,3295,97,1229,183
2960,-1319,2903,-1861,199,3287,92,1224,200
2960,-1319,2903,-1525,207,2932,99,1214,155
2960,-1319,2903,-1331,241,2555,145,1222,126
3161,-1421,3412,-1037,173,2154,147,1204,118
3161,-1421,3412,-832,-13,1808,124,1154,79
3161,-1421,3412,-709,53,1357,83,1093,48
3161,-1421,3412,-637,79,944,-3,1013,20
3161,-1421,3412,-493,299,532,-87,927,-37
3161,-1421,3412,-317,266,183,-206,832,-84
3230,-1495,3875,-302,96,-430,-233,713,-111
3230,-1495,3875,-316,-80,-926,-204,527,-112
3230,-1495,3875,-193,-87,-1257,-200,344,-106
3230,-1495,3875,-205,-151,-1587,-178,133,-101
3230,-1495,3875,-318,-236,-1658,-102,-74,-83
3230,-1495,3875,-183,-305,-1532,-72,-264,-42
3230,-1495,3875,-91,-358,-1165,-28,-440,-30
3252,-1483,3956,-57,-197,-1028,-2,-600,-32
3252,-1483,3956,-53,-115,-920,-42,-726,-32
3252,-1483,3956,-20,-168,-776,-93,-873,-48
3252,-1483,3956,29,-259,-563,-130,-1010,-79
3252,-1483,3956,139,-349,-487,-188,-1145,-92
3252,-1483,3956,214,-330,-382,-242,-1282,-94
3246,-1505,3643,254,-300,-338,-275,-1444,-66
3246,-1505,3643,378,-415,-141,-287,-1605,-65
3246,-1505,3643,457,-617,155,-298,-1778,-62
3246,-1505,3643,583,-727,456,-359,-1932,-52
3246,-1505,3643,645,-757,843,-361,-2124,-43
3246,-1505,3643,845,-573,1373,-405,-2306,-61
3080,-1467,3010,846,-548,1927,-440,-2457,-66
3080,-1467,3010,791,-663,2649,-436,-2576,-69
3080,-1467,3010,753,-739,3483,-372,-2676,-55
3080,-1467,3010,625,-615,3974,-304,-2746,-2
3080,-1467,3010,554,-281,4635,-224,-2782,2
3080,-1467,3010,458,-176,5455,-116,-2810,-9
3080,-1467,3010,296,-296,5952,250,-2767,12
2539,-1408,2152,124,-593,6419,75,-2707,59
2539,-1408,2152,49,-659,6827,72,-2632,89
2539,-1408,2152,-3,-505,7176,8,-2550,96
2539,-1408,2152,32,-344,7536,-142,-2442,124
2539,-1408,2152,-11,-323,7789,-180,-2322,107
2539,-1408,2152,-96,-340,7944,-158,-2227,102
1783,-1403,1607,-153,-476,7928,-114,-2131,122
1783,-1403,1607,-314,-534,8026,-110,-2028,128
1783,-1403,1607,-429,-401,8123,-90,-1906,143
1783,-1403,1607,-594,-318,8075,-48,-1770,142
1783,-1403,1607,-708,-316,7965,12,-1615,152
1783,-1403,1607,-821,-259,7876,76,-1463,167
1188,-1410,1332,-937,-311,7896,132,-1302,185
1188,-1410,1332,-1021,-327,8019,144,-1142,194
1188,-1410,1332,-1332,-324,8414,109,-987,212
1188,-1410,1332,-1556,-464,8960,51,-774,180
1188,-1410,1332,-1689,-666,9322,23,-512,192
1188,-1410,1332,-2047,-853,9579,57,-244,234
1188,-1410,1332,-1830,-1102,9625,128,44,268
887,-1440,1278,-1798,-1256,9784,199,319,327
887,-1440,1278,-1714,-1272,10012,241,595,422
887,-1440,1278,-1490,-1342,10220,258,873,460
887,-1440,1278,-1250,-1422,10264,243,1168,499
887,-1440,1278,-1053,-1423,10188,30,1433,540
887,-1440,1278,-809,-1277,10060,274,1672,571
1275,-1568,1382,-761,-1213,10085,295,1913,590
1275,-1568,1382,-191,-1153,9955,308,2127,613
1275,-1568,1382,115,-1211,9779,273,2335,621
1275,-1568,1382,366,-1292,9596,219,2518,628
1275,-1568,1382,608,-1228,9268,153,2685,644
1275,-1568,1382,825,-1157,8853,86,2829,654
2092,-1789,1862,1042,-1056,8456,31,2969,654
2092,-1789,1862,1249,-951,7779,-43,3085,647
2092,-1789,1862,1517,-771,7221,-88,3178,643
2092,-1789,1862,1850,-541,6605,-139,3262,649
2092,-1789,1862,2098,-268,5990,-210,3302,627
2092,-1789,1862,2237,-23,5263,-236,3313,601
2916,-2017,2830,2271,105,4496,-261,3294,571
2916,-2017,2830,2236,202,3709,-260,3233,537
2916,-2017,2830,2135,237,3212,-276,3154,495
2916,-2017,2830,2045,303,2658,-265,3045,446
2916,-2017,2830,1813,280,2125,-303,2912,393
2916,-2017,2830,1650,376,1710,-366,2786,348
2916,-2017,2830,1347,415,1280,-450,2651,305
3210,-2235,3966,1140,492,641,-508,2516,279
3210,-2235,3966,879,743,-23,-590,2366,231
3210,-2235,3966,659,507,-603,-672,2194,179
3210,-2235,3966,515,549,-1125,-744,2026,146
3210,-2235,3966,329,627,-1707,-778,1826,169
3210,-2235,3966,209,623,-2475,-783,1610,154
3131,-2345,4764,82,650,-3092,-719,1346,109
3131,-2345,4764,-41,749,-3659,-672,1070,83
3131,-2345,4764,-207,755,-4122,-613,772,78
3131,-2345,4764,-339,665,-4484,-542,451,86
3131,-2345,4764,-321,663,-4600,-491,140,69
3131,-2345,4764,-287,663,-4391,-410,-200,33
3022,-2493,4952,-201,611,-4141,-322,-512,-20
3022,-2493,4952,-184,588,-3881,-340,-790,-45
3022,-2493,4952,-134,590,-3609,-317,-1056,-86
3022,-2493,4952,-58,530,-3435,-328,-1289,-108
3022,-2493,4952,62,386,-3107,-358,-1530,-154
3022,-2493,4952,237,233,-2725,-355,-1754,-197
3122,-2522,4561,423,95,-2245,-348,-1967,-234
3122,-2522,4561,628,-64,-1917,-337,-2170,-253
3122,-2522,4561,776,-170,-1292,-296,-2358,-243
3122,-2522,4561,1008,-328,-1110,-303,-2530,-253
3122,-2522,4561,1310,-408,-560,-329,-2748,-268
3122,-2522,4561,1526,-460,-72,-321,-2923,-276
3122,-2522,4561,1695,-527,353,-350,-3091,-281
3104,-2479,3620,1920,-654,801,-355,-3254,-282
3104,-2479,3620,2120,-774,1335,-364,-3430,-294
3104,-2479,3620,2277,-858,2000,-348,-3580,-295
3104,-2479,3620,2424,-930,2710,-320,-3720,-306
3104,-2479,3620,2534,-1108,3402,-248,-3839,-31
3104,-2479,3620,2761,-1339,4227,-221,-3945,-220
2635,-2329,2448,2904,-1454,5267,-239,-4026,-209
2635,-2329,2448,2969,-1546,6111,-174,-4064,-163
2635,-2329,2448,2770,-1662,7080,-109,-4046,-116
2635,-2329,2448,2696,-1914,8520,-95,-3939,-33
2635,-2329,2448,2318,-2330,9835,-111,-3743,84
2635,-2329,2448,1649,-2497,10691,-79,-3458,188
1494,-2232,1531,1059,-2363,11230,-6,-3164,305
1494,-2232,1531,323,-2007,11880,44,-2840,406
1494,-2232,1531,-148,-1733,12040,72,-2462,476
1494,-2232,1531,-606,-1653,12171,98,-2062,536
1494,-2232,1531,-1213,-1393,12293,73,-1674,590
1494,-2232,1531,-1555,-1167,12143,82,-1300,637
1494,-2232,1531,-1866,-1042,11811,108,-943,687
652,-2258,1357,-2049,-865,11387,74,-622,698
652,-2258,1357,-2132,-662,11051,30,-315,677
652,-2258,1357,-2165,-641,10822,20,-48,656
652,-2258,1357,-1779,-1039,9806,2,176,600
652,-2258,1357,-1990,-689,10476,240,402,630
652,-2258,1357,-1715,-960,10075,-6,640,602
567,-2301,1290,-1527,-856,10719,37,913,606
567,-2301,1290,-1584,-1106,10400,90,1150,611
567,-2301,1290,-1381,-1267,10155,166,1426,632
567,-2301,1290,-1159,-1465,10256,179,1672,702
567,-2301,1290,-755,-1553,10372,165,1963,747
567,-2301,1290,-156,-1380,10448,157,2313,774
1066,-2426,1422,512,-1348,10558,178,2609,819
1066,-2426,1422,1176,-1138,10230,165,2872,832
1066,-2426,1422,1560,-930,9702,145,3112,828
1066,-2426,1422,2157,-751,8826,119,3298,797
1066,-2426,1422,2665,-623,8027,65,3419,767
1066,-2426,1422,2921,-486,7195,-33,3508,722
2050,-2635,2038,2799,-141,6068,-120,3533,660
2050,-2635,2038,2874,-4,5252,-202,3518,605
2050,-2635,2038,2883,229,4411,-270,3475,578
2050,-2635,2038,2740,456,3681,-332,3420,513
2050,-2635,2038,2585,579,2995,-351,3327,453
2050,-2635,2038,2390,562,2401,-373,3240,387
2772,-2720,2964,2531,576,1977,-406,3145,333
2772,-2720,2964,2133,721,1561,-458,3042,263
2772,-2720,2964,1982,824,1168,-444,2924,250
2772,-2720,2964,1727,779,541,-401,2791,203
2772,-2720,2964,1418,639,-50,-337,2653,174
2772,-2720,2964,1105,500,-711,-330,2490,145
2772,-2720,2964,948,500,-1160,-300,2304,131
2987,-2860,3923,733,515,-1800,-305,2111,132
2987,-2860,3923,451,535,-2444,-372,1891,108
2987,-2860,3923,203,725,-3287,-463,1608,82
2987,-2860,3923,-37,801,-3760,-738,1327,41
2987,-2860,3923,-228,1063,-4243,-514,999,-6
2987,-2860,3923,-467,1009,-4475,-512,672,-38
2976,-2902,4440,-507,1019,-5089,-482,315,-72
2976,-2902,4440,-595,881,-5180,-423,-77,-99
2976,-2902,4440,-633,777,-5243,-382,-457,-135
2976,-2902,4440,-563,721,-5073,-354,-842,-160
2976,-2902,4440,-463,613,-4805,-325,-1213,-194
2976,-2902,4440,-252,492,-4420,-323,-1791,-213
3001,-2910,4182,-88,394,-3952,-312,-1871,-246
3001,-2910,4182,89,224,-3190,-273,-2148,-276
3001,-2910,4182,268,39,-2572,-219,-2394,-294
3001,-2910,4182,461,-93,-1956,-177,-2593,-33
3001,-2910,4182,599,-317,-1569,-138,-2781,-245
3001,-2910,4182,799,-501,-1044,-78,-2981,-231
3001,-2910,4182,1018,-608,-472,-48,-3163,-216
2922,-2836,3329,1476,-672,203,-30,-3338,-232
2922,-2836,3329,1464,-848,917,-91,-3487,-231
2922,-2836,3329,1664,-1084,1821,-185,-3601,-207
2922,-2836,3329,1842,-1286,2667,-330,-3693,-222
2922,-2836,3329,2009,-1349,3551,-492,-3752,-241
2922,-2836,3329,1961,-1435,4395,-591,-3779,-267
2318,-2709,2249,1894,-1518,5450,-609,-3734,-262
2318,-2709,2249,1615,-1739,6464,-595,-3617,-246
2318,-2709,2249,1168,-1844,7475,-632,-3410,-239
2318,-2709,2249,967,-1509,8044,-667,-3165,-213
2318,-2709,2249,534,-1189,8245,-580,-2933,-194
2318,-2709,2249,444,-1192,7837,-396,-2767,-119
1288,-2488,1511,205,-1757,7371,-136,-2662,255
1288,-2488,1511,276,-2092,7212,49,-2634,187
1288,-2488,1511,200,-1926,7099,198,-2653,301
1288,-2488,1511,242,-1602,7600,340,-2680,414
1288,-2488,1511,230,-1542,8229,439,-2627,524
1288,-2488,1511,76,-1506,8895,435,-2537,612
267,-2536,1317,-103,-1304,9371,466,-2381,694
267,-2536,1317,-433,-1155,9812,493,-2189,772
267,-2536,1317,-834,-1012,10236,485,-1948,815
267,-2536,1317,-1160,-834,10639,428,-1639,830
267,-2536,1317,-1473,-667,11202,368,-1299,891
267,-2536,1317,-1862,-498,11302,335,-885,878
267,-2536,1317,-2057,-407,11744,392,-452,878
-454,-2637,1448,-1979,-621,12488,391,-17,867
-454,-2637,1448,-1904,-1047,12595,394,456,863
-454,-2637,1448,-1827,-1250,12348,359,919,878
-454,-2637,1448,-1648,-1266,12080,289,1352,891
-454,-2637,1448,-1232,-1070,11440,230,1749,923
-454,-2637,1448,-823,-683,10776,251,2104,913
-208,-2690,1441,-354,-380,10224,267,2387,878
-208,-2690,1441,55,-362,9936,270,2629,822
-208,-2690,1441,530,-522,9755,249,2825,751
-208,-2690,1441,925,-475,9587,168,3008,714
-208,-2690,1441,1225,-491,9346,104,3154,670
-208,-2690,1441,1585,-439,9086,28,3303,624
745,-2791,1462,1925,-349,8582,-25,3437,578
745,-2791,1462,2079,-323,7904,-56,3559,526
745,-2791,1462,2356,-362,6904,-93,3639,505
745,-2791,1462,2441,-449,5987,-134,3682,742
745,-2791,1462,2642,-300,5037,-199,3674,506
745,-2791,1462,2706,-30,3959,-285,3645,466
1901,-2823,1953,2646,470,3047,-311,3559,422
1901,-2823,1953,2477,337,2040,-329,3436,371
1901,-2823,1953,2170,488,1187,-330,3276,344
1901,-2823,1953,1986,548,258,-336,3100,303
1901,-2823,1953,1641,529,-179,-356,2868,253
1901,-2823,1953,1334,473,-610,-431,2639,204
1901,-2823,1953,830,519,-896,-458,2411,157
2615,-2869,2805,697,563,-1133,-545,2180,127
2615,-2869,2805,576,576,-1258,-552,1978,115
2615,-2869,2805,380,594,-1480,-572,1775,96
2615,-2869,2805,171,657,-1931,-622,1562,45
2615,-2869,2805,-113,613,-2547,-661,1361,-12
2615,-2869,2805,-270,582,-2545,-679,1112,-37
2866,-2877,3366,-413,513,-2740,-705,892,-53
2866,-2877,3366,-465,513,-2978,-746,676,-65
2866,-2877,3366,-593,565,-3076,-525,457,-99
2866,-2877,3366,-700,546,-3390,-769,232,-127
2866,-2877,3366,-769,477,-3724,-775,-13,-142
2866,-2877,3366,-756,386,-4134,-798,-268,-163
2923,-2795,3398,-723,278,-4362,-771,-555,-191
2923,-2795,3398,-685,219,-4462,-746,-853,-209
2923,-2795,3398,-495,189,-4592,-743,-1175,-215
2923,-2795,3398,-267,89,-4375,-720,-1531,-248
2923,-2795,3398,-58,-46,-4223,-724,-1879,-269
2923,-2795,3398,178,-276,-3659,-669,-2214,-287
2768,-2640,2811,539,-437,-3030,-633,-2528,-315
2768,-2640,2811,922,-510,-2388,-649,-2812,-331
2768,-2640,2811,1286,-576,-1802,-631,-3077,-330
2768,-2640,2811,1552,-644,-1083,-584,-3360,-351
2768,-2640,2811,1877,-1005,-350,-522,-3588,-356
2768,-2640,2811,2240,-781,520,-507,-3775,-369
2768,-2640,2811,2569,-899,1453,-460,-3919,-382
2102,-2380,1847,2694,-1108,2305,-407,-4015,-387
2102,-2380,1847,2791,-1263,3218,-370,-4076,-350
2102,-2380,1847,2952,-1238,4437,-303,-4111,-317
2102,-2380,1847,2943,-1523,5744,-225,-4103,-292
2102,-2380,1847,2749,-1359,6796,-121,-4051,-247
2102,-2380,1847,2307,-1483,7833,-121,-3931,-195
667,-2186,1253,2147,-1579,8414,-218,-3729,-151
667,-2186,1253,1574,-1736,8833,-288,-3511,-113
667,-2186,1253,1214,-1818,9244,-281,-3256,-38
667,-2186,1253,923,-1711,9463,-280,-3004,3
667,-2186,1253,726,-1393,9243,-224,-2780,45
667,-2186,1253,419,-1263,8708,-102,-2592,84
-612,-2105,1278,374,-1530,8477,-33,-2437,136
-612,-2105,1278,284,-1710,8280,76,-2308,236
-612,-2105,1278,140,-1826,8052,113,-2233,314
-612,-2105,1278,-56,-1946,8014,137,-2163,381
-612,-2105,1278,-152,-1894,8291,133,-2092,445
-612,-2105,1278,-246,-1614,8675,167,-1989,491
-1380,-1976,1625,-476,-1352,9254,219,-1818,543
-1451,-1976,1625,-727,-1071,9859,292,-1587,567
-1451,-1976,1625,-923,-971,10372,386,-1325,559
-1451,-1976,1625,-1152,-1060,10861,402,-1002,573
-1451,-1976,1625,-1373,-1093,11447,440,-619,585
-1451,-1976,1625,-1589,-1158,11828,455,-223,564
-1451,-1976,1625,-1645,-1127,11863,437,215,570
-1800,-1973,1887,-1583,-1117,11772,417,645,569
-1800,-1973,1887,-1390,-1188,11611,433,1090,582
-1800,-1973,1887,-1157,-1266,11159,437,1470,573
-1800,-1973,1887,-696,-1304,10844,413,1823,575
-1800,-1973,1887,-289,-1435,10579,353,2167,616
-1800,-1973,1887,171,-1517,10290,311,2431,616
-1340,-1926,1524,702,-1446,10243,226,2684,620
-1340,-1926,1524,1161,-1225,10116,154,2905,634
-1340,-1926,1524,1544,-1112,9995,131,3117,617
-1340,-1926,1524,1879,-953,9656,75,3319,595
-1340,-1926,1524,2350,-880,9455,78,3492,570
-1340,-1926,1524,2513,-921,8832,37,3641,601
-113,-1939,1186,2796,-858,8248,24,3763,569
-113,-1939,1186,3007,-735,7524,18,3848,546
-113,-1939,1186,3075,-578,6789,29,3891,511
-113,-1939,1186,3010,-544,5950,-35,3902,484
-113,-1939,1186,3094,-302,5087,-127,3894,454
-113,-1939,1186,3048,-234,4203,-229,3857,405
1473,-2033,1459,2888,-58,3499,-331,3769,377
1473,-2033,1459,2765,69,2785,-413,3673,337
1473,-2033,1459,2667,249,2485,-467,3566,319
1473,-2033,1459,2346,154,1533,-464,3451,295
1473,-2033,1459,2112,82,1120,-423,3291,277
1473,-2033,1459,1862,39,652,-352,3146,259
1473,-2033,1459,1699,-155,452,-370,2962,254
2551,-2018,2352,1268,-64,122,-425,2815,261
2551,-2018,2352,1099,21,-138,-465,2719,236
2551,-2018,2352,905,205,-564,-263,2579,218
2551,-2018,2352,560,429,-1275,-547,2433,188
2551,-2018,2352,411,556,-1717,-593,2265,143
2551,-2018,2352,255,661,-2325,-631,2101,99
3055,-2036,3222,195,799,-3001,-667,1921,85
3055,-2036,3222,16,888,-4005,-636,1689,63
3055,-2036,3222,67,1053,-5186,-641,1407,28
3055,-2036,3222,-94,1106,-6219,-595,1068,-25
3055,-2036,3222,-251,918,-6737,-576,687,-72
3055,-2036,3222,-241,1015,-7160,-503,277,-129
3215,-2034,3645,-280,1136,-7057,-433,-163,-161
3215,-2034,3645,-300,1010,-6985,-452,-573,-246
3215,-2034,3645,-331,629,-6633,-478,-988,-290
3215,-2034,3645,-103,564,-6145,-481,-1367,-384
3215,-2034,3645,152,404,-5403,-551,-1729,-462
3215,-2034,3645,342,96,-4683,-570,-2035,-512
3215,-2034,3645,489,-171,-4097,-609,-2319,-535
3065,-1832,3230,615,-355,-3268,-650,-2563,-571
3065,-1832,3230,886,-594,-2567,-657,-2794,-579
3065,-1832,3230,1055,-852,-1920,-624,-2994,-588
3065,-1832,3230,1345,-1137,-1155,-619,-3159,-579
3065,-1832,3230,1346,-1312,172,-527,-2937,-581
3065,-1832,3230,1524,-1934,225,-503,-3467,-380
2600,-1597,2261,1685,-1593,331,-487,-3506,-441
2600,-1597,2261,1772,-1614,1541,-525,-3656,-403
2600,-1597,2261,1846,-1624,2371,-548,-3773,-390
2600,-1597,2261,1935,-1857,3125,-500,-4082,-333
2600,-1597,2261,1976,-2030,3955,-485,-3898,-273
2600,-1597,2261,2006,-2061,4937,-515,-3915,-241
1447,-1325,1385,1871,-2197,5864,-593,-3869,-184
1447,-1325,1385,1890,-2140,6500,-607,-3759,-63
1447,-1325,1385,1718,-1804,6595,-518,-3662,-9
1447,-1325,1385,1465,-1575,6977,-392,-3586,50
1447,-1325,1385,1181,-1502,7377,-270,-3495,129
1447,-1325,1385,960,-1284,7881,-155,-3374,205
37,-1094,1173,637,-1081,7973,-54,-3247,308
37,-1094,1173,403,-1053,8231,-48,-3112,344
37,-1094,1173,49,-887,8436,-38,-2981,372
37,-1094,1173,-119,-745,8743,-30,-2833,396
37,-1094,1173,-368,-538,8868,-6,-2675,413
37,-1094,1173,-619,-467,9177,31,-2515,440
37,-1094,1173,-860,-368,9442,36,-2325,451
-1081,-1025,1402,-1087,-481,9723,45,-2101,435
-1081,-1025,1402,-1247,-519,9820,56,-1895,420
-1081,-1025,1402,-1456,-625,10254,83,-1677,400
-1081,-1025,1402,-1636,-692,10819,75,-1423,416
-1081,-1025,1402,-2005,-809,11528,41,-1101,407
-1081,-1025,1402,-2423,-963,11928,97,-742,424
-1608,-922,1721,-2735,-1060,12377,131,-311,446
-1608,-922,1721,-2818,-1165,12523,182,122,465
-1608,-922,1721,-2871,-1137,12306,195,577,762
-1608,-922,1721,-2680,-1078,12009,176,1277,535
-1608,-922,1721,-2365,-1009,11665,195,1457,542
-1608,-922,1721,-1861,-1019,11031,181,1803,537
-1326,-853,1552,-1175,-913,10642,185,2112,521
-1326,-853,1552,-598,-932,10318,155,2376,513
-1326,-853,1552,-35,-943,10093,112,2617,537
-1326,-853,1552,346,-806,9786,70,2814,533
-1326,-853,1552,705,-717,9369,52,2978,500
-1326,-853,1552,1041,-705,9067,-33,3132,463
-241,-851,1216,1360,-630,8607,-132,3284,450
-241,-851,1216,1654,-548,7898,-161,3419,456
-241,-851,1216,1905,-441,7085,-172,3509,446
-241,-851,1216,2258,-426,6286,-183,3565,436
-241,-851,1216,2140,-286,5390,-190,3581,429
-241,-851,1216,2240,-128,4559,-214,3555,433
-241,-851,1216,2267,-99,3780,-257,3509,405
1254,-824,1513,2158,-75,3007,-325,3409,382
1254,-824,1513,1951,-21,2351,-318,3302,355
1254,-824,1513,1764,-8,1801,-362,3169,335
1254,-824,1513,1562,54,1093,-378,3033,328
1254,-824,1513,1354,66,534,-388,2871,347
1254,-824,1513,1175,145,-99,-413,2706,320
2407,-856,2281,923,144,-637,-450,2521,290
2407,-856,2281,701,177,-1184,-499,2319,288
2407,-856,2281,511,187,-1762,-577,2104,308
2407,-856,2281,265,287,-2548,-638,1874,278
2407,-856,2281,49,451,-2787,-686,1626,260
2407,-856,2281,-189,523,-3321,-713,1379,231
2870,-888,3003,-357,567,-3814,-766,1112,206
2870,-888,3003,-539,553,-4037,-781,845,183
2870,-888,3003,-619,553,-4218,-795,571,168
2870,-888,3003,-675,569,-4372,-784,295,134
2870,-888,3003,-670,654,-4293,-765,-1,101
2870,-888,3003,-726,687,-4387,-715,-264,32
2952,-813,3284,-668,762,-4212,-704,-511,-25
2952,-813,3284,-657,801,-4077,-681,-766,-69
2952,-813,3284,-620,738,-3902,-677,-994,-125
2952,-813,3284,-533,591,-3581,-649,-1217,-193
2952,-813,3284,-386,426,-3254,-633,-1419,-246
2952,-813,3284,-200,314,-2923,-604,-1608,-280
2952,-813,3284,-48,226,-2555,-568,-2044,-284
2865,-717,2943,160,106,-2230,-535,-1980,-296
2865,-717,2943,302,-60,-1838,-511,-2162,-292
2865,-717,2943,720,-142,-1107,-494,-2503,-259
2865,-717,2943,796,-192,-785,-376,-2467,-244
2865,-717,2943,1029,-347,-661,-326,-2629,-224
2865,-717,2943,1099,-582,-48,-336,-2812,-180
2421,-574,2323,1314,-632,223,-349,-3022,-151
2421,-574,2323,1442,-730,798,-335,-3209,-100
2421,-574,2323,1554,-812,1276,-289,-3398,-57
2421,-574,2323,1760,-878,1875,-278,-3588,-25
2421,-574,2323,1572,-934,2528,-294,-3738,3
2421,-574,2323,1958,-1024,3443,-325,-3857,39
1413,-442,1613,2070,-1074,4382,-345,-3946,68
1413,-442,1613,2037,-1177,5584,-351,-3975,101
1413,-442,1613,1959,-1287,6700,-322,-3952,143
1413,-442,1613,1760,-1414,7931,-311,-3861,182
1413,-442,1613,1505,-1504,9066,-341,-3699,205
1413,-442,1613,1198,-1262,9959,-392,-3452,227
61,-296,1359,788,-1022,10412,-407,-3159,244
61,-296,1359,279,-955,10509,-414,-2876,252
61,-296,1359,-223,-1157,10741,-393,-2573,243
61,-296,1359,-695,-1363,10280,-351,-2273,257
61,-296,1359,-1121,-1361,9963,-274,-1987,292
61,-296,1359,-1342,-1144,9601,-190,-1717,334
61,-296,1359,-1474,-1174,9367,-89,-1496,360
-739,-112,1593,-1485,-1310,9064,19,-1278,402
-739,-112,1593,-1652,-1545,8929,141,-1095,464
-739,-112,1593,-1733,-1813,8759,202,-917,572
-739,-112,1593,-1810,-1808,8875,221,-738,649
-739,-112,1593,-1814,-1740,9090,202,-547,713
-739,-112,1593,-1832,-1632,9355,204,-373,771
-930,-117,1703,-1783,-1579,9623,203,-190,816
-930,-117,1703,-1876,-1563,9991,213,9,882
-930,-117,1703,-1941,-1547,10280,184,234,922
-930,-117,1703,-2186,-1514,10520,132,521,948
-930,-117,1703,-1975,-1355,10680,78,841,994
-930,-117,1703,-1829,-1177,10948,65,1175,1003
-630,-44,1615,-1451,-1093,11498,72,1542,992
-630,-44,1615,-973,-1105,11288,56,1890,991
-630,-44,1615,-518,-1172,11335,10,2229,971
-630,-44,1615,29,-1149,10825,-59,2548,948
-630,-44,1615,557,-1074,10616,-130,2835,934
-630,-44,1615,1089,-839,10060,-169,3079,903
487,-33,1557,1518,-598,9363,-193,3300,889
487,-33,1557,1922,-550,8520,-212,3473,865
487,-33,1557,2132,-474,7479,-223,3589,890
487,-33,1557,2337,-341,6507,-214,3693,860
487,-33,1557,2462,-168,5308,-240,3722,829
487,-33,1557,2516,-42,4471,-266,3713,776
487,-33,1557,2543,-8,3519,-349,3670,739
1870,-117,2198,2487,214,2732,-415,3578,661
1870,-117,2198,2399,227,1817,-469,3444,630
1870,-117,2198,2134,194,1003,-510,3269,579
1870,-117,2198,1890,128,220,-509,3065,533
1870,-117,2198,1505,61,-521,-532,2839,548
1870,-117,2198,1129,-9,-1280,-542,2561,528
2737,-224,3197,784,-34,-1726,-524,2274,502
2737,-224,3197,527,59,-1990,-549,2012,479
2737,-224,3197,325,229,-2189,-595,1748,461
2737,-224,3197,151,341,-2307,-644,1493,414
2737,-224,3197,-37,539,-2411,-717,1259,355
2737,-224,3197,-138,618,-2728,-790,1042,292
2963,-395,3978,-299,643,-2841,-853,820,238
2963,-395,3978,-362,634,-2845,-897,580,177
2963,-395,3978,-447,728,-2888,-886,375,146
2963,-395,3978,-519,749,-2932,-880,174,99
2963,-395,3978,-562,774,-2982,-845,-17,50
2963,-395,3978,-683,749,-3219,-828,-227,29
2963,-395,3978,-732,680,-3350,-797,-426,-25
3006,-423,4191,-734,659,-3432,-760,-645,-68
3006,-423,4191,-696,620,-3433,-738,-856,-104
3006,-423,4191,-629,631,-3407,-698,-1084,-117
3006,-423,4191,-526,640,-3390,-710,-1323,-150
3006,-423,4191,-410,658,-3211,-683,-1581,-211
3006,-423,4191,-243,591,-2899,-669,-1831,-256
2972,-450,3997,-7,477,-2813,-656,-2093,-283
2972,-450,3997,207,195,-2192,-662,-2361,-316
2972,-450,3997,390,-254,-1743,-683,-2629,-353
2972,-450,3997,294,-573,-1488,-653,-2763,-365
2972,-450,3997,885,-655,-427,-723,-3126,-343
2972,-450,3997,1197,-875,387,-751,-3350,-341
2770,-322,3174,1360,-967,1354,-772,-3595,-371
2770,-322,3174,1614,-1042,2268,-772,-3752,-374
2770,-322,3174,1635,-1269,3332,-756,-3853,-347
2770,-322,3174,1693,-1407,4508,-673,-3895,-307
2770,-322,3174,1566,-1444,5718,-597,-3858,-250
2770,-322,3174,1251,-1349,6743,-441,-3745,-180
2043,-107,2289,876,-1302,7405,-274,-3566,-64
2043,-107,2289,611,-1335,7961,-131,-3331,27
2043,-107,2289,555,-1530,8232,-81,-3109,94
2043,-107,2289,260,-1615,8547,-106,-2876,165
2043,-107,2289,30,-1504,8795,-100,-2663,490
2043,-107,2289,-231,-1233,8900,-81,-2447,328
2043,-107,2289,-425,-975,8860,-42,-2210,388
1187,-8,1812,-586,-818,8897,-58,-2029,410
1187,-8,1812,-799,-840,9039,-38,-1856,429
1187,-8,1812,-1044,-698,9567,44,-1671,467
1187,-8,1812,-1384,-628,9881,122,-1465,478
1187,-8,1812,-1809,-653,10017,77,-1234,481
1187,-8,1812,-2066,-936,9899,-32,-1020,468
755,-48,1618,-2417,-1135,9987,-132,-755,459
755,-48,1618,-2613,-1132,10192,-153,-493,462
755,-48,1618,-2767,-1033,10348,-199,-224,462
755,-48,1618,-2879,-973,10272,-238,61,454
755,-48,1618,-2849,-1207,10101,-263,335,495
755,-48,1618,-2767,-1449,10023,-266,603,526
821,-37,1596,-2622,-1606,10118,-215,862,574
821,-37,1596,-2068,-1708,10124,-208,1127,636
821,-37,1596,-1962,-1822,9975,-230,1390,696
821,-37,1596,-1585,-1917,9707,-242,1638,1015
821,-37,1596,-1203,-1923,9422,-243,1867,861
821,-37,1596,-736,-1914,8954,-192,2070,924
1566,-74,1894,-342,-1808,8601,-179,2267,990
1566,-74,1894,26,-1708,8128,-224,2428,1069
1566,-74,1894,368,-1548,7645,-274,2309,1092
1566,-74,1894,660,-1360,7015,-323,2663,1126
1566,-74,1894,911,-1063,6375,-345,2730,1136
1566,-74,1894,1022,-866,5707,-368,2764,1142
1566,-74,1894,1172,-612,4987,-388,2762,1162
2471,-334,2609,1280,-440,4320,-441,2737,1143
2471,-334,2609,1215,-201,3571,-498,2695,1096
2471,-334,2609,1265,44,3053,-564,2630,1053
2471,-334,2609,1139,357,2410,-636,2557,1003
2471,-334,2609,1081,553,2014,-685,2450,975
2471,-334,2609,1003,703,1472,-744,2348,909
3026,-679,3627,897,862,1054,-786,2223,830
3026,-679,3627,697,1015,530,-846,2081,784
3026,-679,3627,545,1091,-15,-851,1904,704
3026,-679,3627,316,1272,-598,-884,1728,647
3026,-679,3627,162,1244,-1107,-889,1522,564
3026,-679,3627,-20,1180,-1612,-871,1300,489
3182,-981,4409,-145,1112,-1973,-833,1069,429
3182,-981,4409,-332,1116,-2387,-827,837,365
3182,-981,4409,-399,1087,-2659,-786,582,338
3182,-981,4409,-545,1059,-2827,-726,320,282
3182,-981,4409,-332,930,-2858,-696,73,219
3182,-981,4409,-520,880,-2690,-678,-171,164
3167,-1179,4696,-500,844,-2730,-679,-405,136
3167,-1179,4696,-529,877,-2616,-693,-642,74
3167,-1179,4696,-518,789,-2559,-742,-881,2
3167,-1179,4696,-551,649,-2223,-793,-1102,-56
3167,-1179,4696,-431,407,-2029,-856,-1313,-79
3167,-1179,4696,-390,190,-1629,-931,-1510,-132
3167,-1179,4696,-331,59,-1247,-968,-1691,-177
3237,-1269,4340,-238,54,-782,-969,-1870,-205
3237,-1269,4340,-205,-63,-86,-931,-2016,-218
3237,-1269,4340,-145,-187,286,-850,-2139,-225
3237,-1269,4340,-107,-310,825,-758,-2255,-220
3237,-1269,4340,-171,-425,1291,-608,-2347,-186
3237,-1269,4340,-224,-494,1869,-452,-2438,-154
3180,-1198,3638,-194,-514,2445,-372,-2508,-131
3180,-1198,3638,-100,-645,3233,-312,-2562,-110
3180,-1198,3638,-310,-674,3597,-271,-2611,-87
3180,-1198,3638,-100,-800,4134,-243,-2644,-50
3180,-1198,3638,-371,-839,4472,-255,-2678,-29
3180,-1198,3638,-416,-770,5122,-248,-2674,-12
2888,-1171,2771,-342,-786,5800,-231,-2643,7
2888,-1171,2771,-498,-754,6103,-256,-2573,38
2888,-1171,2771,-726,-772,6574,-310,-2501,26
2888,-1171,2771,-754,-839,6789,-372,-2413,16
2888,-1171,2771,-1053,-865,6894,-389,-2314,27
2888,-1171,2771,-1231,-827,6965,-410,-2204,37
2389,-1065,2070,-1343,-893,7154,-403,-2072,51
2389,-1065,2070,-1594,-908,7349,-419,-1943,60
2389,-1065,2070,-1921,-943,7647,-375,-1813,69
2389,-1065,2070,-2213,-1111,8203,-300,-1620,84
2389,-1065,2070,-2577,-1176,8772,-189,-1413,108
2389,-1065,2070,-2902,-1094,9319,-60,-1168,147
2389,-1065,2070,-3190,-906,9700,34,-891,205
1883,-992,1751,-3479,-1011,9853,59,-582,206
1883,-992,1751,-3641,-1055,9717,62,-302,219
1883,-992,1751,-3696,-1062,9200,50,-27,232
1883,-992,1751,-3645,-874,9039,78,206,234
1883,-992,1751,-3505,-595,8834,44,403,223
1883,-992,1751,-3421,-385,8438,41,605,192
1920,-1114,1729,-3299,-353,8192,43,794,215
1920,-1114,1729,-3127,-425,7868,87,970,175
1920,-1114,1729,-2954,-596,7828,145,1137,147
1920,-1114,1729,-2717,-746,7770,248,1311,151
1920,-1114,1729,-2454,-912,7860,341,1485,157
1920,-1114,1729,-2200,-1064,7901,395,1668,190
2336,-1210,1997,-1939,-1183,7992,471,1867,208
2336,-1210,1997,-1535,-1253,7963,766,2045,226
2336,-1210,1997,-1382,-1369,7764,541,2212,235
2336,-1210,1997,-1155,-1435,7244,486,2377,259
2336,-1210,1997,-915,-1359,6809,412,2534,270
2336,-1210,1997,-698,-1172,6388,311,2650,256
2949,-1453,2767,-508,-1096,5260,198,2745,236
2949,-1453,2767,-375,-982,4460,23,2800,192
2949,-1453,2767,-273,-868,3716,-71,2808,168
2949,-1453,2767,-221,-803,2971,-176,2768,139
2949,-1453,2767,-390,-838,2474,-256,2673,139
2949,-1453,2767,-623,-891,2010,-342,2549,132
2949,-1453,2767,-882,-959,1633,-385,2400,108
3266,-1557,3787,-1100,-967,1616,-425,2260,97
3266,-1557,3787,-1209,-783,1631,-501,2144,100
3266,-1557,3787,-1351,-831,1688,-506,2055,118
3266,-1557,3787,-1474,-852,1769,-766,1961,102
3266,-1557,3787,-1586,-853,1837,-549,1908,98
3266,-1557,3787,-1720,-794,1905,-609,1884,92
3243,-1649,4679,-1700,-792,1858,-663,1863,121
3243,-1649,4679,-1768,-736,1673,-731,1849,102
3243,-1649,4679,-1777,-637,1464,-798,1822,98
3243,-1649,4679,-1737,-537,897,-841,1795,94
3243,-1649,4679,-1683,-495,488,-881,1751,96
3243,-1649,4679,-1725,-429,-256,-955,1674,141
3025,-1840,5397,-1754,-310,-466,-1065,1585,118
3025,-1840,5397,-1767,-206,-912,-1145,1475,93
3025,-1840,5397,-1771,-93,-1238,-1233,1346,72
3025,-1840,5397,-1899,-45,-1385,-1306,1199,80
3025,-1840,5397,-1933,-25,-1622,-1318,1047,46
3025,-1840,5397,-2021,-31,-1800,-1346,883,25
2741,-2121,5735,-2069,18,-1966,-1374,737,-10
2741,-2121,5735,-2121,118,-2038,-1415,582,-55
2741,-2121,5735,-2177,249,-2073,-1496,436,-84
2741,-2121,5735,-2258,340,-1918,-1569,277,-148
2741,-2121,5735,-2369,278,-1736,-1650,148,-231
2741,-2121,5735,-2442,201,-1464,-1698,50,-296
2741,-2121,5735,-2600,142,-1042,-1795,-19,-346
2690,-2447,5797,-2782,116,-580,-1813,-51,-396
2690,-2447,5797,-2906,-24,-286,-1844,-52,-414
2690,-2447,5797,-3109,-143,51,-1894,-33,-450
2690,-2447,5797,-3241,-118,199,-1955,5,-482
2690,-2447,5797,-3423,-112,226,-2018,44,-519
2690,-2447,5797,-3574,-78,-39,-2077,66,-530
2714,-2714,5563,-3762,-166,-195,-2137,57,-293
2714,-2714,5563,-3917,-159,-398,-2211,22,-498
2714,-2714,5563,-4117,-173,-480,-2287,-27,-497
2714,-2714,5563,-4280,-232,-439,-2329,-102,-523
2714,-2714,5563,-4117,-141,-238,-2353,-164,-544
2714,-2714,5563,-4413,-137,-106,-2393,-223,-570
2755,-2953,5212,-4538,-198,245,-2412,-240,-597
2755,-2953,5212,-4569,-287,606,-2464,-240,-570
2755,-2953,5212,-4598,-388,853,-2468,-219,-580
2755,-2953,5212,-4549,-401,1117,-2480,-185,-570
2755,-2953,5212,-4566,-403,1344,-2535,-144,-553
2755,-2953,5212,-4572,-386,1372,-2587,-107,-548
2755,-2953,5212,-4524,-390,1437,-2619,-72,-539
2856,-3037,4781,-4481,-399,1777,-2665,-17,-509
2856,-3037,4781,-4464,-378,1658,-2686,22,-478
2856,-3037,4781,-4460,-311,1413,-2726,52,-462
2856,-3037,4781,-4365,-196,1435,-2734,79,-451
2856,-3037,4781,-4340,-114,1251,-2761,92,-429
2856,-3037,4781,-4347,-29,1044,-2737,101,-413
2937,-3063,4424,-4294,76,921,-2752,89,-433
2937,-3063,4424,-4243,148,608,-2733,54,-442
2937,-3063,4424,-4239,195,422,-2754,18,-463
2937,-3063,4424,-4192,300,240,-2749,-40,-461
2937,-3063,4424,-4186,402,232,-2701,-88,-474
2937,-3063,4424,-4122,454,356,-2631,-121,-489
3019,-2920,3968,-4302,429,579,-2574,-141,-493
3019,-2920,3968,-4071,471,671,-2490,-149,-496
3019,-2920,3968,-4012,418,791,-2417,-138,-476
3019,-2920,3968,-4012,410,893,-2384,-112,-480
3019,-2920,3968,-4024,365,994,-2316,-84,-502
3019,-2920,3968,-4054,374,859,-2274,-44,-463
3093,-2677,3610,-4063,377,577,-2233,-12,-487
3093,-2677,3610,-4151,449,452,-2180,-4,-517
3093,-2677,3610,-4037,411,214,-2179,-5,-539
3093,-2677,3610,-4152,410,-17,-2178,-21,-551
3093,-2677,3610,-4119,341,-94,-2184,-28,-578
3093,-2677,3610,-4131,445,-49,-2151,-59,-617
3093,-2677,3610,-4132,-16,-167,-2158,-61,-633
3138,-2273,3398,-4095,-111,-154,-2143,-76,-658
3138,-2273,3398,-4189,-269,226,-2144,-79,-673
3138,-2273,3398,-4200,-442,-46,-2127,-88,-671
3138,-2273,3398,-4205,-562,-1,-2115,-90,-656
3138,-2273,3398,-4236,-620,-28,-2092,-80,-618
3138,-2273,3398,-4247,-553,68,-2082,-81,-552
3198,-1854,3320,-4240,-604,118,-2044,-81,-537
3198,-1854,3320,-4248,-556,47,-2015,-81,-519
3198,-1854,3320,-4236,-534,99,-2038,-74,-482
3198,-1854,3320,-4241,-451,12,-2029,-76,-482
3198,-1854,3320,-4265,-431,9,-2080,-87,-493
3198,-1854,3320,-4228,-343,140,-2041,-88,-479
3171,-1478,3295,-4169,-297,240,-2061,-86,-485
3171,-1478,3295,-4199,-189,235,-2056,-66,-473
3171,-1478,3295,-4133,-229,184,-2073,-57,-432
3171,-1478,3295,-4121,-305,165,-2073,-76,-437
3171,-1478,3295,-4101,-339,104,-2085,-87,-436
3171,-1478,3295,-4151,-224,226,-2082,-109,-438
3170,-1091,3371,-4249,-287,264,-2114,-108,-435
3170,-1091,3371,-4216,-192,348,-2101,-117,-414
3170,-1091,3371,-4258,-74,516,-2031,-126,-386
3170,-1091,3371,-4241,30,695,-1962,-124,-380
3170,-1091,3371,-4271,85,757,-1838,-109,-353
3170,-1091,3371,-4320,124,848,-1800,-78,-330
3170,-1091,3371,-4301,145,880,-1715,-50,-308
3090,-764,3548,-4216,182,785,-1728,-15,-279
3090,-764,3548,-4167,243,715,-1715,13,-261
3090,-764,3548,-4201,265,578,-1749,26,-260
3090,-764,3548,-4173,262,433,-1781,29,-263
3090,-764,3548,-4156,200,168,-1834,31,-264
3090,-764,3548,-4221,249,98,-1860,15,-12
3075,-619,3786,-4226,340,18,-1904,1,-280
3075,-619,3786,-4234,400,-108,-1883,-26,-317
3075,-619,3786,-4247,488,-80,-1897,-35,-372
3075,-619,3786,-4235,547,-3,-1894,-28,-417
3075,-619,3786,-4289,509,34,-1915,-34,-474
3075,-619,3786,-4265,477,94,-1922,-38,-490
3039,-432,4075,-4181,467,146,-1913,-30,-527
3039,-432,4075,-4116,414,245,-1931,-26,-572
3039,-432,4075,-4073,331,136,-1971,-17,-594
3039,-432,4075,-4127,135,109,-2000,-10,-603
3039,-432,4075,-4080,-35,172,-2035,-13,-625
3039,-432,4075,-4056,-115,171,-2045,-12,-619
2955,-288,4432,-4060,-108,184,-2093,-13,-613
2955,-288,4432,-4105,-105,170,-2076,-18,-552
2955,-288,4432,-4111,-203,75,-2074,-4,-552
2955,-288,4432,-4126,-214,17,-2102,-11,-547
2955,-288,4432,-4132,-246,19,-2094,-15,-518
2955,-288,4432,-4106,-152,249,-2067,-2,-513
2955,-288,4432,-4137,-137,-102,-2072,-26,-512
2872,-240,4849,-4172,-124,-170,-2054,-29,-522
2872,-240,4849,-4139,-87,-208,-2082,-48,-527
2872,-240,4849,-4141,-85,-109,-2069,-46,-514
2872,-240,4849,-4099,-157,-45,-2089,-64,-525
2872,-240,4849,-4096,-211,-142,-2117,-76,-527
2872,-240,4849,-4147,-277,-148,-2151,-104,-536
2747,-308,5203,-4160,-302,-215,-2190,-112,-532
2747,-308,5203,-4151,-281,-303,-2243,-136,-540
2747,-308,5203,-4167,-311,-316,-2258,-161,-531
2747,-308,5203,-4181,-321,-378,-2209,-197,-531
2747,-308,5203,-4138,-298,-235,-2158,-218,-275
2747,-308,5203,-4123,-275,-39,-2095,-219,-493
2665,-480,5523,-4048,-232,76,-2050,-216,-487
2665,-480,5523,-3955,-31,275,-1994,-195,-467
2665,-480,5523,-3882,-289,255,-1943,-177,-474
2665,-480,5523,-3899,-299,367,-1908,-157,-466
2665,-480,5523,-3802,-274,316,-1873,-144,-455
2665,-480,5523,-3845,-215,177,-1872,-140,-442
2658,-741,5758,-3891,-239,31,-1848,-135,-425
2658,-741,5758,-3866,-220,-6,-1833,-142,-416
2658,-741,5758,-3890,-66,-88,-1794,-147,-396
2658,-741,5758,-3891,19,-230,-1795,-161,-400
2658,-741,5758,-3988,10,-292,-1753,-181,-396
2658,-741,5758,-4011,59,-426,-1746,-189,-397
2658,-1038,5866,-3992,114,-481,-1721,-215,-391
2642,-1038,5866,-3981,151,-665,-1696,-230,-376
2642,-1038,5866,-3947,87,-531,-1649,-260,-388
2642,-1038,5866,-3889,-11,-736,-1624,-275,-407
2642,-1038,5866,-3818,-90,-659,-1605,-310,-411
2642,-1038,5866,-3762,-196,-789,-1792,-339,-408
2642,-1038,5866,-3715,-376,-829,-1508,-380,-380
2659,-1277,5907,-3666,-517,-924,-1464,-424,-372
2659,-1277,5907,-3329,-621,-943,-1442,-473,-337
2659,-1277,5907,-3504,-702,-1021,-1425,-542,-288
2659,-1277,5907,-3351,-737,-1152,-1393,-618,-244
2659,-1277,5907,-3169,-849,-1232,-1368,-717,-155
2659,-1277,5907,-2941,-789,-1346,-1316,-802,-100
2759,-1545,5819,-2806,-618,-1433,-1301,-912,-66
2759,-1545,5819,-2662,-300,-1410,-1244,-1044,-45
2759,-1545,5819,-2497,237,-1396,-1234,-1149,-46
2759,-1545,5819,-2390,166,-1311,-1182,-1266,-47
2759,-1545,5819,-2268,305,-980,-1165,-1359,-77
2759,-1545,5819,-2207,287,-714,-1157,-1438,-109
2993,-1740,5432,-2069,253,-566,-1133,-1502,-141
2993,-1740,5432,-2057,87,-455,-1113,-1563,-143
2993,-1740,5432,-2029,5,-399,-1065,-1644,-173
2993,-1740,5432,-2036,-150,-277,-1000,-1723,-191
2993,-1740,5432,-2049,-321,-285,-913,-1796,-193
2993,-1740,5432,-2056,-490,-23,-891,-1873,-200
2993,-1740,5432,-2068,-714,123,-845,-1930,-156
3232,-1882,4777,-2046,-852,506,-801,-2005,-113
3232,-1882,4777,-2044,-877,860,-733,-2052,-71
3232,-1882,4777,-2006,-834,1240,-670,-2098,-33
3232,-1882,4777,-2029,-821,1715,-678,-2129,16
3232,-1882,4777,-2058,-838,2220,-719,-2126,32
3232,-1882,4777,-2052,-888,2693,-712,-2120,44
3341,-1955,3984,-2110,-896,2954,-704,-2102,46
3341,-1955,3984,-2164,-912,3530,-721,-2071,78
3341,-1955,3984,-2203,-801,3620,-731,-2032,77
3341,-1955,3984,-2232,-672,3835,-740,-1979,73
3341,-1955,3984,-2229,-779,3980,-686,-1940,78
3341,-1955,3984,-2263,-895,4098,-641,-1907,94
3208,-1927,3224,-2263,-963,4162,-585,-1876,147
3208,-1927,3224,-2208,-970,4228,-559,-1844,173
3208,-1927,3224,-2095,-905,4345,-551,-1817,194
3208,-1927,3224,-2026,-879,4557,-558,-1797,208
3208,-1927,3224,-1977,-869,4671,-484,-1768,229
3208,-1927,3224,-1929,-955,4795,-376,-1733,301
2940,-1943,2699,-1872,-906,4806,-293,-1690,351
2940,-1943,2699,-1787,-902,4814,-234,-1643,377
2940,-1943,2699,-1625,-916,4991,-231,-1591,400
2940,-1943,2699,-1540,-930,4996,-302,-1547,416
2940,-1943,2699,-1322,-934,4761,-347,-1517,433
2940,-1943,2699,-1203,-893,4602,-375,-1513,475
2940,-1943,2699,-1106,-908,4604,-399,-1490,516
2563,-1982,2164,-922,-910,4655,-437,-1491,541
2563,-1982,2164,-781,-973,4703,-440,-1484,588
2563,-1982,2164,-707,-1056,4534,-393,-1486,624
2563,-1982,2164,-642,-1144,4680,-406,-1472,671
2563,-1982,2164,-543,-1123,4676,-391,-1450,717
2563,-1982,2164,-428,-1186,4701,-369,-1432,819
2117,-2066,1819,-404,-1228,4738,-334,-1401,850
2117,-2066,1819,-366,-1393,4999,-323,-1363,884
2117,-2066,1819,-275,-1419,5083,-319,-1314,936
2117,-2066,1819,-220,-1462,5230,-291,-1267,993
2117,-2066,1819,-208,-1486,5231,-234,-1207,1096
2117,-2066,1819,-81,-1465,5217,-158,-1154,1166
1653,-2166,1563,-3,-1477,5104,-136,-1092,1232
1653,-2166,1563,105,-1465,5046,-128,-1038,1298
1653,-2166,1563,259,-1363,5023,-122,-1012,1348
1653,-2166,1563,419,-1215,4848,-70,-989,1409
1653,-2166,1563,561,-1052,4880,-41,-983,1448
1653,-2166,1563,691,-976,4771,-16,-971,1502
1200,-2376,1439,828,-1074,4714,-16,-972,1535
1200,-2376,1439,918,-1180,4607,-26,-966,1570
1200,-2376,1439,1002,-1226,4522,-57,-975,1659
1200,-2376,1439,1095,-1093,4407,-11,-979,1686
1200,-2376,1439,1179,-633,4290,51,-1029,1713
1200,-2376,1439,1222,-964,4757,81,-1019,1751
1200,-2376,1439,1296,-1050,4967,109,-969,1776
718,-2519,1317,1513,-1071,5263,159,-933,1804
718,-2519,1317,1216,-1077,5379,158,-864,1824
718,-2519,1317,1154,-996,5555,149,-773,1836
718,-2519,1317,1125,-935,5625,136,-673,1869
718,-2519,1317,1046,-892,5715,160,-561,1864
718,-2519,1317,973,-981,5741,163,-452,1862
264,-2639,1365,958,-1074,5812,152,-333,1870
264,-2639,1365,985,-1111,5889,120,-225,1875
264,-2639,1365,1027,-1117,5660,131,-118,1865
264,-2639,1365,1070,-1096,5397,111,-31,1868
264,-2639,1365,1144,-1028,4935,138,20,1874
264,-2639,1365,1155,-1003,4631,116,63,1900
-49,-2657,1361,1201,-915,4263,101,63,1911
-49,-2657,1361,1222,-818,3945,46,44,1880
-49,-2657,1361,1195,-707,3673,13,4,1851
-49,-2657,1361,1244,-606,3350,-49,-49,1855
-49,-2657,1361,1296,-550,3618,-39,-128,1820
-49,-2657,1361,1318,-543,3855,-47,-181,1805
-49,-2657,1361,1239,-617,4128,-43,-229,1775
-281,-2577,1368,1144,-590,4348,-31,-244,1758
-281,-2577,1368,957,-603,4676,-59,-236,1735
-281,-2577,1368,888,-738,5057,-44,-205,1713
-281,-2577,1368,725,-781,5463,-81,-148,1708
-281,-2577,1368,573,-695,5624,-79,-58,1682
-281,-2577,1368,470,-608,5765,-118,58,1694
-562,-2435,1375,505,-595,6084,-131,180,1651
-562,-2435,1375,550,-598,6069,-147,291,1609
-562,-2435,1375,459,-571,5854,-130,373,1577
-562,-2435,1375,303,-603,5583,-141,449,1570
-562,-2435,1375,250,-646,5247,-153,486,1554
-562,-2435,1375,130,-684,4978,-165,516,1548
-527,-2250,1309,63,-639,4814,-217,524,1529
-527,-2250,1309,20,-555,4760,-261,539,1529
-527,-2250,1309,11,-513,4857,-262,550,1512
-527,-2250,1309,28,-410,4909,-320,559,1504
-527,-2250,1309,16,-358,4908,-347,577,1481
-527,-2250,1309,67,-511,4981,-345,595,1454
-350,-2035,1280,91,-243,5044,-346,611,1413
-350,-2035,1280,57,-317,5025,-329,623,1380
-350,-2035,1280,28,-368,5009,-364,636,1388
-350,-2035,1280,-123,-361,4940,-351,648,1358
-350,-2035,1280,-242,-346,4901,-379,649,1324
-350,-2035,1280,-351,-332,4999,-412,654,1299
-350,-2035,1280,-480,-374,5074,-456,665,1525
-118,-1839,1156,-590,-300,5199,-451,684,1256
-118,-1839,1156,-669,-255,5414,-460,698,1223
-118,-1839,1156,-713,-355,5655,-456,742,1197
-118,-1839,1156,-750,-413,5735,-438,817,1191
-118,-1839,1156,-786,-403,5691,-458,900,1172
-118,-1839,1156,-779,-381,5631,-497,981,1160
255,-1647,1101,-876,-376,5503,-547,1073,1171
255,-1647,1101,-846,-352,5340,-601,1139,1183
255,-1647,1101,-847,-275,5028,-646,1198,1167
255,-1647,1101,-839,-247,4694,-686,1254,1151
255,-1647,1101,-893,-173,4402,-702,1277,1123
255,-1647,1101,-873,-203,4014,-708,1273,1107
782,-1505,1194,-961,-204,3845,-741,1253,1093
782,-1505,1194,-1255,-114,3584,-794,1238,1081
782,-1505,1194,-1071,19,3466,-845,1212,1079
782,-1505,1194,-1167,57,3447,-926,1176,1070
782,-1505,1194,-1189,139,3385,-975,1149,1052
782,-1505,1194,-1313,169,3100,-1022,1101,1058
1305,-1301,1328,-1359,305,3304,-1025,1076,1022
1305,-1301,1328,-1457,349,3219,-1022,1057,983
1305,-1301,1328,-1548,330,3156,-1006,1035,961
1305,-1301,1328,-1626,314,3129,-979,1018,937
1305,-1301,1328,-1646,246,3066,-1015,1005,909
1305,-1301,1328,-1729,305,2972,-1031,989,886
1305,-1301,1328,-1746,282,2835,-1109,977,881
1778,-1171,1619,-1807,271,2679,-1200,953,848
1778,-1171,1619,-1857,276,2523,-1254,918,802
1778,-1171,1619,-1848,263,2167,-1312,866,769
1778,-1171,1619,-2033,218,1909,-1339,817,748
1778,-1171,1619,-2065,149,1651,-1349,760,737
1778,-1171,1619,-2151,95,1398,-1345,700,746
2166,-1008,1920,-2231,-193,1326,-1321,622,718
2166,-1008,1920,-2184,-7,1322,-1313,550,718
2166,-1008,1920,-2258,52,1143,-1345,470,700
2166,-1008,1920,-2296,160,1199,-1351,400,687
2166,-1008,1920,-2309,273,1157,-1357,317,656
2166,-1008,1920,-2391,287,1057,-1373,252,624
2361,-831,2207,-2524,302,1105,-1374,197,616
2361,-831,2207,-2560,272,1176,-1356,141,572
2361,-831,2207,-2504,340,1278,-1402,83,531
2361,-831,2207,-2661,331,1126,-1412,34,504
2361,-831,2207,-2750,352,1095,-1460,2,464
2361,-831,2207,-2798,298,1107,-1468,-31,414
2488,-650,2401,-2808,309,1059,-1430,-57,386
2488,-650,2401,-2830,244,836,-1448,-90,366
2488,-650,2401,-2748,202,631,-1430,-124,368
2488,-650,2401,-2768,170,480,-1429,-189,335
2488,-650,2401,-2716,63,402,-1380,-259,304
2488,-650,2401,-2669,-39,306,-1393,-346,292
2488,-650,2401,-2543,-75,432,-1367,-427,336
2569,-503,2559,-2450,-4,593,-1351,-510,328
2569,-503,2559,-2422,70,582,-1347,-601,309
2569,-503,2559,-2391,99,506,-1328,-691,275
2569,-503,2559,-2330,132,652,-1310,-778,268
2569,-503,2559,-2233,145,726,-1257,-872,279
2569,-503,2559,-2127,220,793,-1182,-964,274
2474,-336,2601,-2070,140,841,-1092,-1043,234
2474,-336,2601,-1985,209,870,-1055,-1111,232
2474,-336,2601,-1855,91,1250,-991,-1199,217
2474,-336,2601,-1777,-31,1060,-958,-1271,198
2474,-336,2601,-1652,-172,1240,-940,-1346,201
2474,-336,2601,-1573,-313,1241,-953,-1422,202
2306,-203,2480,-1440,-432,1389,-962,-1501,203
2306,-203,2480,-1337,-492,1561,-961,-1572,209
2306,-203,2480,-1223,-399,1909,-925,-1647,235
2306,-203,2480,-1076,-376,2204,-812,-1714,264
2306,-203,2480,-1072,-476,2453,-733,-1769,296
2306,-203,2480,-1021,-594,2692,-661,-1804,320
1969,-98,2258,-909,-541,3064,-619,-1821,317
1969,-98,2258,-831,-525,3360,-598,-1838,334
1969,-98,2258,-757,-371,3645,-614,-1829,351
1969,-98,2258,-614,-254,3652,-535,-1847,346
1969,-98,2258,-624,-350,3650,-512,-1863,345
1969,-98,2258,-512,-450,3685,-527,-1912,347
1969,-98,2258,-460,-480,3905,-570,-1946,339
1598,-9,2030,-439,-512,4219,-521,-1966,340
1598,-9,2030,-459,-578,4518,-508,-1980,353
1598,-9,2030,-449,-728,4671,-466,-1970,381
1598,-9,2030,-392,-878,4948,-456,-1948,413
1598,-9,2030,-342,-892,5344,-443,-1925,434
1598,-9,2030,-282,-882,5760,-450,-1891,442
1107,102,1827,-339,-761,6153,-507,-1849,436
1107,102,1827,-347,-703,6579,-491,-1779,432
1107,102,1827,-526,-699,7064,-442,-1704,453
1107,102,1827,-752,-869,7316,-360,-1585,466
1107,102,1827,-988,-976,7539,-275,-1448,499
1107,102,1827,-1111,-1017,7571,-209,-1291,576
690,212,1786,-1200,-1022,7848,-180,-1109,609
690,212,1786,-1244,-1046,7416,-111,-949,655
690,212,1786,-1266,-1086,7020,-70,-800,699
690,212,1786,-1235,-1233,6874,-48,-695,764
690,212,1786,-1241,-1215,6635,-90,-626,812
690,212,1786,-1273,-1193,6306,-97,-558,861
690,212,1786,-1383,-1083,6008,-108,-507,940
689,181,1795,-1461,-1033,5773,-84,-469,984
689,181,1795,-1557,-1099,5731,-22,-440,1017
689,181,1795,-1646,-1116,6180,62,-401,1059
689,181,1795,-1744,-1152,6502,68,-314,1083
689,181,1795,-1807,-1259,6898,53,-197,1117
689,181,1795,-1810,-1310,6995,27,-62,1197
892,54,1721,-1749,-1391,7152,-16,98,1224
892,54,1721,-1703,-1463,7309,-26,266,1253
892,54,1721,-1608,-1482,7406,-63,449,1284
892,54,1721,-1491,-1449,7420,-106,607,1296
892,54,1721,-1390,-1422,7218,-108,770,1318
892,54,1721,-1284,-1412,6993,-104,918,1362
1383,-111,1828,-1108,-1450,6722,-89,1035,1369
1383,-111,1828,-920,-1438,6481,-105,1133,1393
1383,-111,1828,-1015,-1340,6300,-155,1216,1382
1383,-111,1828,-588,-1178,6138,-188,1280,1371
1383,-111,1828,-512,-1112,5995,-213,1333,1374
1383,-111,1828,-415,-1023,5862,-232,1348,1421
2096,-353,2156,-319,-961,5707,-251,1384,1417
2096,-353,2156,-395,-919,5583,-29,1380,1381
2096,-353,2156,-482,-855,5374,-318,1380,1349
2096,-353,2156,-558,-814,5295,-338,1398,1316
2096,-353,2156,-576,-676,5362,-366,1437,1315
2096,-353,2156,-541,-589,5303,-386,1505,1278
2096,-353,2156,-527,-389,5092,-390,1556,1240
2669,-695,2613,-442,-250,4844,-382,1622,1208
2669,-695,2613,-366,-110,4614,-415,1669,1161
2669,-695,2613,-334,-22,4268,-460,1720,1130
2669,-695,2613,-303,43,3907,-471,1740,1073
2669,-695,2613,-338,84,3435,-490,1723,1006
2669,-695,2613,-452,127,2956,-266,1695,944
3100,-1074,3318,-514,158,2691,-553,1665,890
3100,-1074,3318,-664,238,2355,-603,1610,859
3100,-1074,3318,-765,357,2143,-659,1547,827
3100,-1074,3318,-918,356,1875,-698,1468,762
3100,-1074,3318,-821,445,1639,-724,1385,695
3100,-1074,3318,-1209,467,1478,-755,1306,616
3250,-1350,3969,-1364,496,1351,-796,1215,563
3250,-1350,3969,-1551,521,1225,-793,1144,760
3250,-1350,3969,-1728,500,1078,-789,1078,484
3250,-1350,3969,-1846,468,962,-811,1008,437
3250,-1350,3969,-1910,470,830,-824,942,367
3250,-1350,3969,-1992,468,790,-840,870,324
3293,-1580,4442,-2091,537,524,-865,808,287
3293,-1580,4442,-2100,556,452,-875,741,505
3293,-1580,4442,-2128,474,191,-886,671,210
3293,-1580,4442,-2146,416,-72,-892,604,212
3293,-1580,4442,-2235,321,-360,-922,521,179
3293,-1580,4442,-2214,230,-529,-957,417,152
3293,-1580,4442,-2245,333,-738,-1001,308,115
3259,-1736,4634,-2281,196,-957,-1044,195,86
3259,-1736,4634,-2314,92,-1188,-1090,83,78
3259,-1736,4634,-2305,-1,-1246,-1114,-49,80
3259,-1736,4634,-2284,-38,-1140,-1095,-168,98
3259,-1736,4634,-2312,-24,-1106,-1063,-313,104
3259,-1736,4634,-2290,-64,-961,-1082,-462,89
3230,-1857,4633,-2273,-201,-628,-1059,-596,88
3230,-1857,4633,-2202,-299,-416,-1055,-726,78
3230,-1857,4633,-2138,-306,-99,-1065,-835,58
3230,-1857,4633,-2116,-236,75,-1064,-943,66
3230,-1857,4633,-2036,-226,318,-1051,-1054,105
3230,-1857,4633,-2108,-158,452,-1074,-1123,85
3257,-2004,4338,-2086,-108,791,-1063,-1235,75
3257,-2004,4338,-2076,-55,1102,-1045,-1294,66
3257,-2004,4338,-2026,-20,1303,-1003,-1350,55
3257,-2004,4338,-2061,-77,1651,-961,-1400,41
3257,-2004,4338,-2026,-102,1728,-903,-1445,71
3257,-2004,4338,-2029,-159,1902,-859,-1479,66
3257,-2004,4338,-1935,-185,2195,-813,-1495,77
3246,-2025,3789,-1884,-278,2387,-801,-1526,71
3246,-2025,3789,-1826,-346,2457,-834,-1539,80
3246,-2025,3789,-1781,-511,2610,-879,-1556,82
3246,-2025,3789,-1698,-568,2587,-918,-1587,104
3246,-2025,3789,-1600,-560,2700,-865,-1631,120
3246,-2025,3789,-1508,-294,2813,-798,-1669,143
3135,-2004,3220,-1423,-573,2988,-689,-1711,153
3135,-2004,3220,-1304,-801,3044,-620,-1763,177
3135,-2004,3220,-1290,-948,3162,-576,-1804,228
3135,-2004,3220,-1115,-1033,3337,-532,-1832,285
3135,-2004,3220,-1029,-993,3523,-496,-1874,363
3135,-2004,3220,-900,-780,3656,-477,-1894,412
2797,-2042,2547,-789,-1057,3828,-482,-1923,441
2797,-2042,2547,-681,-1012,4185,-419,-1946,493
2797,-2042,2547,-594,-1044,4343,-371,-1963,544
2797,-2042,2547,-517,-1119,4514,-333,-1964,596
2797,-2042,2547,-504,-1136,4676,-343,-1953,670
2797,-2042,2547,-460,-1178,4931,-328,-1934,743
2361,-2103,2016,-424,-1180,5024,-349,-1891,781
2361,-2103,2016,-339,-1049,5278,-361,-1842,820
2361,-2103,2016,-28,-944,5418,-281,-1802,868
2361,-2103,2016,-250,-944,5530,-222,-1737,917
2361,-2103,2016,-183,-907,5532,-178,-1674,961
2361,-2103,2016,-85,-931,5673,-172,-1601,1030
2361,-2103,2016,88,-922,5711,-151,-1526,1123
1767,-2260,1669,177,-815,5795,-143,-1448,1152
1767,-2260,1669,173,-745,5874,-145,-1379,1197
1767,-2260,1669,152,-686,5981,-158,-1306,1243
1767,-2260,1669,106,-714,6309,-141,-1209,1294
1767,-2260,1669,16,-854,6733,-157,-1097,1344
1767,-2260,1669,20,-840,7011,-190,-943,1399
1228,-2440,1412,-37,-719,6987,-183,-805,1454
1228,-2440,1412,-67,-599,7121,-134,-707,1480
1228,-2440,1412,-113,-685,6755,-64,-600,1474
1228,-2440,1412,-25,-915,6711,-255,-524,1480
1228,-2440,1412,-54,-936,6568,248,-463,1518
1228,-2440,1412,-272,-909,6012,34,-432,1550
843,-2571,1392,-321,-964,5696,52,-409,1587
843,-2571,1392,-345,-957,5510,77,-397,1617
843,-2571,1392,-283,-871,5462,41,-375,1668
843,-2571,1392,-292,-690,5423,-8,-345,1678
843,-2571,1392,-240,-620,5512,7,-307,1686
843,-2571,1392,-172,-586,5563,11,-281,1681
843,-2571,1390,-143,-569,5726,7,-232,1688
538,-2652,1390,-156,-489,5991,1,-174,1664
538,-2652,1390,-510,-296,6131,2,-105,1626
538,-2652,1390,-388,-256,6348,-9,250,1612
538,-2652,1390,-520,-336,6561,-39,110,1556
538,-2652,1390,-582,-550,6766,-92,238,1488
538,-2652,1390,-617,-765,6968,-173,382,1427
380,-2706,1334,-601,-933,7096,-244,534,1389
380,-2706,1334,-581,-967,7096,-303,689,1364
380,-2706,1334,-494,-994,7064,-326,829,1340
380,-2706,1334,-538,-956,6913,-331,943,1325
380,-2706,1334,-437,-981,6825,-317,1052,1354
380,-2706,1334,-404,-1006,6759,-293,1166,1348
523,-2645,1340,-332,-966,6598,-275,1270,1349
523,-2645,1340,-310,-894,6401,-230,1330,1349
523,-2645,1340,-504,-807,6219,-194,1380,1343
523,-2645,1340,-261,-701,6006,-187,1427,1321
523,-2645,1340,-333,-541,5837,-168,1461,1305
523,-2645,1340,-357,-489,5885,-162,1491,1270
935,-2715,1423,-413,-467,5448,-140,1517,1238
935,-2715,1423,-498,-489,5243,-179,1530,1204
935,-2715,1423,-565,-491,5112,-227,1566,1177
935,-2715,1423,-655,-391,5083,-224,1572,1144
935,-2715,1423,-730,-319,4920,-298,1586,1083
935,-2715,1423,-769,-236,4962,-295,1620,1035
935,-2715,1423,-804,-191,4963,-339,1659,1000
1337,-2723,1568,-861,-185,4915,-383,1691,984
1337,-2723,1568,-906,-86,4685,-391,1735,946
1337,-2723,1568,-1049,5,4496,-372,2042,933
1337,-2723,1568,-1160,150,4132,-371,1815,901
1337,-2723,1568,-1306,320,3737,-356,1828,851
1337,-2723,1568,-1351,472,3524,-336,1833,813
1883,-2811,1883,-1388,531,3157,-301,1830,747
1883,-2811,1883,-1458,602,2912,-340,1810,679
1883,-2811,1883,-1489,689,2494,-402,1777,620
1883,-2811,1883,-1628,766,2257,-437,1720,562
1883,-2811,1883,-1664,780,1989,-497,1665,478
1883,-2811,1883,-1793,825,1690,-594,1604,394
2245,-2860,2224,-1897,879,1462,-644,1289,334
2245,-2860,2224,-1861,915,1222,-717,1487,276
2245,-2860,2224,-1845,891,843,-801,1409,224
2245,-2860,2224,-1797,875,492,-857,1341,180
2245,-2860,2224,-1800,766,186,-868,1262,139
2245,-2860,2224,-1843,667,-30,-879,1175,130
2570,-2766,2558,-1904,632,-226,-879,1065,99
2570,-2766,2558,-1875,609,-355,-868,963,112
2570,-2766,2558,-1821,639,-407,-889,873,83
2570,-2766,2558,-1808,562,-548,-883,773,53
2570,-2766,2558,-1863,390,-761,-926,669,35
2570,-2766,2558,-1876,376,-1111,-981,567,19
2570,-2766,2558,-1834,324,-1418,-991,438,35
2730,-2648,2678,-1742,380,-1691,-976,288,29
2730,-2648,2678,-1780,364,-1844,-935,126,14
2730,-2648,2678,-1656,344,-1797,-933,-14,44
2730,-2648,2678,-1652,326,-1720,-924,-170,30
2730,-2648,2678,-1537,299,-1363,-952,-313,7
2730,-2648,2678,-1579,219,-1276,-996,-429,-248
2695,-2515,2614,-1573,145,-1140,-1007,-544,-8
2695,-2515,2614,-1566,136,-775,-1013,-654,-17
2695,-2515,2614,-1519,180,-1075,-990,-763,-30
2695,-2515,2614,-1423,106,-1057,-966,-877,-34
2695,-2515,2614,-1453,93,-1131,-938,-996,-28
2695,-2515,2614,-1440,82,-1046,-922,-1115,-18
2528,-2294,2281,-1360,22,-852,-894,-1230,21
2528,-2294,2281,-1355,-73,-736,-881,-1359,22
2528,-2294,2281,-1320,-150,-580,-917,-1485,27
2528,-2294,2281,-1190,-78,-338,-928,-1628,19
2528,-2294,2281,-1146,26,-33,-931,-1741,23
2528,-2294,2281,-1048,20,317,-908,-1865,12
2272,-2056,1826,-939,-21,754,-875,-1966,22
2146,-2056,1826,-900,-74,1111,-853,-2055,16
2146,-2056,1826,-802,-120,1447,-828,-2139,32
2146,-2056,1826,-758,-158,2033,-800,-2236,28
2146,-2056,1826,-786,-302,2264,-820,-2317,19
2146,-2056,1826,-729,-445,2820,-846,-2366,15
2146,-2056,1826,-681,-411,3231,-844,-2376,26
1436,-1790,1358,-641,-355,3704,-840,-2385,41
1436,-1790,1358,-706,-376,3911,-783,-2369,70
1436,-1790,1358,-707,-531,4174,-730,-2362,104
1436,-1790,1358,-633,-717,4416,-639,-2330,128
1436,-1790,1358,-529,-733,4727,-588,-2291,147
1436,-1790,1358,-413,-672,4818,-505,-2266,174
532,-1448,1099,-375,-638,4970,-419,-2245,189
532,-1448,1099,-311,-767,5221,-355,-2201,262
532,-1448,1099,-171,-881,5521,-316,-2174,286
532,-1448,1099,-43,-883,5587,-299,-2121,302
532,-1448,1099,-229,-866,5692,-303,-2062,328
532,-1448,1099,38,-807,5746,-326,-2016,336
-346,-1278,1167,49,-819,5648,-318,-1972,358
-346,-1278,1167,131,-817,5742,-293,-1922,412
-346,-1278,1167,300,-762,5777,-260,-1867,429
-346,-1278,1167,407,-525,5877,-188,-1814,446
-346,-1278,1167,423,-850,5648,-162,-1772,472
-346,-1278,1167,466,-886,5431,-144,-1741,500
-346,-1278,1167,562,-938,5248,-144,-1724,538
-1009,-1126,1329,774,-840,5105,-166,-1718,590
-1009,-1126,1329,1006,-768,5167,-168,-1724,624
-1009,-1126,1329,1106,-632,5242,-216,-1737,642
-1009,-1126,1329,1224,-570,5404,-196,-1749,667
-1009,-1126,1329,1282,-581,5702,-130,-1741,687
-1009,-1126,1329,1306,-597,6034,-48,-1702,711
-1578,-912,1682,1312,-418,6338,2,-1633,725
-1578,-912,1682,1261,-271,6228,62,-1531,715
-1578,-912,1682,1298,-170,5968,109,-1417,749
-1578,-912,1682,1366,-192,5771,179,-1329,726
-1578,-912,1682,1415,-209,5354,214,-1270,726
-1578,-912,1682,1424,-476,5003,493,-1250,741
-1901,-757,1984,1506,-777,4660,236,-1248,768
-1901,-757,1984,1660,-923,4539,232,-1270,789
-1901,-757,1984,1785,-929,4559,251,-1296,817
-1901,-757,1984,1902,-808,4526,279,-1309,860
-1901,-757,1984,1901,-777,4504,323,-1359,924
-1901,-757,1984,1946,-816,4644,366,-1378,955
-2213,-612,2260,2014,-794,4616,439,-1394,1007
-2213,-612,2260,1988,-664,5190,487,-1381,1031
-2213,-612,2260,1831,-555,5395,534,-1320,1040
-2213,-612,2260,1677,-446,5816,544,-1225,1024
-2213,-612,2260,1516,-384,5916,536,-1110,1018
-2213,-612,2260,1391,-349,5994,557,-972,1259
-2213,-612,2260,1489,-507,5959,553,-834,1001
-2335,-429,2526,1381,-585,5925,574,-718,1013
-2335,-429,2526,1459,-621,5899,574,-590,998
-2335,-429,2526,1413,-605,5979,520,-481,962
-2335,-429,2526,1382,-602,6146,454,-360,934
-2335,-429,2526,1288,-576,6275,483,-270,895
-2335,-429,2526,1123,-645,6389,564,-157,887
-2286,-243,2587,986,-872,6399,605,-19,878
-2286,-243,2587,786,-982,6483,599,103,866
-2286,-243,2587,647,-949,6673,577,254,842
-2286,-243,2587,767,-1003,6768,548,404,810
-2286,-243,2587,679,-1044,6892,532,554,798
-2286,-243,2587,766,-1132,6959,522,691,788
-1968,-154,2352,713,-1233,6984,506,851,815
-1968,-154,2352,818,-1304,7148,479,1009,813
-1968,-154,2352,907,-1239,7084,473,1170,798
-1968,-154,2352,1067,-1211,7171,471,1324,791
-1968,-154,2352,1204,-1268,7161,485,1462,762
-1968,-154,2352,1347,-1374,7144,563,1596,771
-1968,-154,1840,1538,-1574,7139,579,1738,767
-1461,-74,1951,1669,-1707,6956,587,1852,780
-1461,-74,1951,1850,-1712,6708,560,1957,825
-1461,-74,1951,1873,-1669,6368,533,2028,813
-1461,-74,1951,1897,-1649,5965,521,2092,812
-1461,-74,1951,1856,-1570,5575,475,2107,808
-1461,-74,1951,1725,-1481,5092,421,2101,801
-579,-176,1570,1610,-1446,4823,369,2089,799
-579,-176,1570,1542,-1446,4731,318,2057,805
-579,-176,1570,1530,-1438,4707,268,2031,846
-579,-176,1570,1524,-1386,4681,261,1996,865
-579,-176,1570,1383,-1219,4474,235,1951,879
-579,-176,1570,1236,-1106,4274,222,1921,879
425,-231,1455,1081,-979,4230,181,1880,871
425,-231,1455,969,-901,4165,157,1850,865
425,-231,1455,824,-832,4048,85,1818,864
425,-231,1455,628,-792,3917,48,1784,870
425,-231,1455,467,-725,3708,6,1763,866
425,-231,1455,333,-605,3664,-27,1734,852
1265,-343,1616,224,-535,3427,-94,1703,841
1265,-343,1616,61,-469,3440,-148,1678,820
1265,-343,1616,-72,-440,3188,-194,1657,798
1265,-343,1616,-222,-338,3110,-218,1631,791
1265,-343,1616,-295,-199,2995,-229,1605,787
1265,-343,1616,-372,-172,2838,-249,1588,812
1265,-343,1616,-499,-171,2708,-293,1546,798
1994,-485,2013,-609,-152,2499,-353,1502,781
1994,-485,2013,-708,-244,2261,-422,1456,770
1994,-485,2013,-799,-217,1963,-562,1399,776
1994,-485,2013,-903,-105,1761,-676,1321,780
1994,-485,2013,-1021,-13,1492,-756,1238,799
1994,-485,2013,-1020,116,1400,-827,1154,844
2512,-617,2493,-1049,143,1362,-821,1065,848
2512,-617,2493,-1055,173,1293,-847,966,857
2512,-617,2493,-1087,133,1053,-923,877,870
