xmag,ymag,zmag,xaccel,yaccel,zaccel,xgyro,ygyro,zgyro
775,-2860,-6951,76,230,-4098,61,-104,-123
804,-2869,-6901,57,248,-4102,26,-110,-132
804,-2869,-6901,54,256,-4085,44,-105,-140
804,-2869,-6901,119,275,-4064,34,-109,-96
804,-2869,-6901,69,294,-4096,30,-112,-114
804,-2869,-6901,35,251,-4090,58,-103,-118
804,-2869,-6901,7,213,-4000,37,-99,-109
804,-2869,-6901,80,286,-4096,32,-115,-122
804,-2869,-6901,68,510,-4140,26,-85,-135
804,-2869,-6901,47,231,-4042,31,-102,-109
760,-2858,-6912,8,238,-4036,43,-112,-112
760,-2858,-6912,56,229,-4070,48,-120,-138
760,-2858,-6912,51,247,-4138,41,-87,-147
760,-2858,-6912,76,244,-4017,57,-91,-132
760,-2858,-6912,70,248,-4146,48,-107,-110
760,-2858,-6912,58,502,-4026,58,-118,-123
760,-2858,-6912,64,224,-4087,57,-101,-123
760,-2858,-6912,16,238,-4028,68,-102,-112
760,-2858,-6912,54,248,-4077,36,-116,-125
765,-2872,-6941,50,260,-4055,35,-96,-130
765,-2872,-6941,9,247,-4019,43,-103,-101
765,-2872,-6941,48,250,-4104,22,-114,-124
765,-2872,-6941,76,248,-4025,43,-111,-126
765,-2872,-6941,87,239,-4022,19,-105,-100
765,-2872,-6941,-218,261,-4089,34,-112,-119
765,-2872,-6941,45,255,-4149,51,-111,-127
765,-2872,-6941,24,208,-4077,36,-116,-109
765,-2872,-6941,55,264,-4140,52,-110,-117
774,-2891,-6908,66,508,-4047,52,-114,-115
774,-2891,-6908,23,255,-4020,38,-111,-116
774,-2891,-6908,77,211,-4066,47,-108,-114
774,-2891,-6908,55,509,-4060,28,-119,-126
774,-2891,-6908,58,288,-4126,45,-115,-127
774,-2891,-6908,121,281,-4046,50,-117,-115
774,-2891,-6908,47,265,-4146,41,-126,-126
774,-2891,-6908,39,275,-4132,30,-90,-128
774,-2891,-6908,-12,216,-4021,50,-113,-104
774,-2891,-6908,56,224,-3958,38,-117,-119
795,-2883,-6928,48,212,-4116,30,-110,-125
795,-2883,-6928,74,274,-4147,61,-104,-115
795,-2883,-6928,42,240,-4165,37,-109,-131
795,-2883,-6928,96,266,-4044,31,-95,-127
795,-2883,-6928,112,286,-3986,56,-104,-106
795,-2883,-6928,113,267,-4032,42,-108,-115
795,-2883,-6928,69,267,-3992,23,-111,-119
795,-2883,-6928,-8,250,-4108,46,-110,-107
795,-2883,-6928,250,201,-4022,33,-114,-123
791,-2888,-6923,18,142,-4104,39,-121,-109
791,-2888,-6923,127,287,-4197,48,-120,-101
791,-2888,-6923,114,269,-4108,46,-109,-111
791,-2888,-6923,92,362,-3981,49,-107,-115
791,-2888,-6923,94,244,-4001,32,-96,-110
791,-2888,-6923,41,242,-4062,54,-110,-124
791,-2888,-6923,-1,183,-3924,25,-93,-135
791,-2888,-6923,-25,247,-4069,52,-105,-98
791,-2888,-6923,39,171,-4066,50,-111,-112
781,-2866,-6946,76,240,-4077,56,-108,-140
781,-2866,-6946,93,265,-4027,36,-113,-104
781,-2866,-6946,78,336,-4070,32,-114,-102
781,-2866,-6946,79,287,-4008,36,-109,-109
781,-2866,-6946,55,261,-3852,39,-117,-99
781,-2866,-6946,18,200,-4042,42,-105,-98
781,-2866,-6946,51,245,-4061,38,-111,-112
781,-2866,-6946,49,195,-4070,46,-113,-94
781,-2866,-6946,75,253,-3994,33,-95,-111
773,-2878,-6972,75,263,-4081,51,-96,-104
773,-2878,-6972,70,278,-4044,51,-106,-105
773,-2878,-6972,50,274,-4073,35,-111,-103
773,-2878,-6972,41,503,-4052,25,-109,-104
773,-2878,-6972,36,246,-4013,48,-107,-116
773,-2878,-6972,43,212,-4147,44,-110,-116
773,-2878,-6972,57,195,-4093,53,-107,-110
773,-2878,-6972,61,292,-4176,60,-105,-125
773,-2878,-6972,67,319,-4063,54,-111,-131
780,-2850,-6938,27,320,-3804,54,-120,-131
780,-2850,-6938,15,219,-3871,40,-119,-122
780,-2850,-6938,30,364,-4054,41,-121,-134
780,-2850,-6938,-29,261,-3993,8,-108,-122
780,-2850,-6938,209,453,-4147,27,-127,-134
780,-2850,-6938,196,212,-3969,16,-74,-97
780,-2850,-6938,65,357,-4007,78,-78,-74
780,-2850,-6938,-1,301,-4191,36,-125,-70
780,-2850,-6938,109,267,-4215,33,-115,-88
780,-2829,-6943,50,182,-4313,48,-120,-102
792,-2829,-6943,-7,433,-4294,43,-101,-95
792,-2829,-6943,-84,20,-4251,53,-142,-94
792,-2829,-6943,687,-917,-4434,98,-183,-162
792,-2829,-6943,-1511,1933,-5802,-37,158,-131
792,-2829,-6943,409,453,-465,128,-70,167
792,-2829,-6943,1714,-138,-6279,0,284,43
792,-2829,-6943,536,-3139,-6836,617,147,-307
792,-2829,-6943,103,1765,-4521,59,-127,-141
792,-2829,-6943,-327,-962,-1718,129,-328,-136
777,-2887,-6945,725,353,-1469,48,-103,97
777,-2887,-6945,340,384,-6430,59,-163,-238
777,-2887,-6945,17529,12049,6587,-142,366,-610
777,-2887,-6945,1847,6203,-11804,3,68,-132
777,-2887,-6945,1702,-1456,-1803,-5,-22,-381
777,-2887,-6945,-405,791,-3199,-28,-215,-445
777,-2887,-6945,266,1380,-5084,88,-286,-330
777,-2887,-6945,-150,28,-4369,60,-181,-230
777,-2887,-6945,204,596,-3689,50,-53,-122
807,-2842,-6915,-66,-345,-4294,40,-118,-87
807,-2842,-6915,47,492,-4068,60,-134,-63
807,-2842,-6915,-255,251,-4026,53,-97,-63
807,-2842,-6915,-55,287,-4085,38,-85,-75
807,-2842,-6915,21,163,-4052,25,-97,-74
807,-2842,-6915,219,221,-4246,-1,-139,-97
807,-2842,-6915,393,211,-4553,53,-75,-63
807,-2842,-6915,55,-549,-5070,94,-111,-60
807,-2842,-6915,84,-586,-51,-235,-146,-91
774,-2829,-6940,-2068,1210,-1507,10,-27,-138
774,-2829,-6940,-244,1002,-2772,19,-22,-148
774,-2829,-6940,-1976,2255,-6736,-91,-615,-455
774,-2829,-6940,-1859,6244,4537,269,821,-412
774,-2829,-6940,-7627,431,2409,1018,270,858
774,-2829,-6940,-6053,-45,-5664,107,237,-1221
774,-2829,-6940,1783,-1103,-8894,11,-34,-567
774,-2829,-6940,1642,318,-4523,123,-38,-108
774,-2829,-6940,-525,503,-2134,41,-25,124
757,-2858,-6954,808,-282,-3371,33,-48,-542
757,-2858,-6954,574,14,-4521,50,-140,119
757,-2858,-6954,-76,196,-3515,67,-142,-105
757,-2858,-6954,-23,143,-4049,15,-142,-142
757,-2858,-6954,48,128,-4090,15,-113,-151
757,-2858,-6954,33,385,-4454,19,-128,-156
757,-2858,-6954,326,424,-3723,58,-125,-162
757,-2858,-6954,-215,-547,-3126,4,-189,-113
757,-2858,-6954,-413,373,-3622,62,-67,-61
755,-2905,-6937,-27,431,-3931,153,-77,-55
755,-2905,-6937,802,650,-3283,233,-80,-71
755,-2905,-6937,1241,445,-3893,421,-148,-63
755,-2905,-6937,285,1749,-3376,749,-107,-96
755,-2905,-6937,-542,-51,-2888,632,-36,-8
755,-2905,-6937,-900,662,-2575,684,-119,-8
755,-2905,-6937,-498,-100,-2844,719,-71,57
755,-2905,-6937,-326,-166,-3883,709,42,124
755,-2905,-6937,-566,602,-8683,698,58,301
757,-2714,-7044,709,-243,-3747,547,22,224
757,-2714,-7044,-379,-481,-5026,542,97,291
757,-2714,-7044,-321,-217,-4773,380,71,308
757,-2714,-7044,-151,-113,-5841,233,20,342
757,-2714,-7044,-208,206,-5805,66,-36,360
757,-2714,-7044,-344,126,-6003,-70,-132,369
757,-2714,-7044,-343,292,-6041,-147,-227,358
757,-2714,-7044,-235,376,-5973,-206,-332,357
757,-2714,-7044,-541,1125,-6880,-272,-423,351
910,-2608,-7043,-247,426,-5807,-282,-543,305
910,-2608,-7043,-214,734,-5404,-271,-594,293
910,-2608,-7043,-503,801,-5134,-250,-666,265
910,-2608,-7043,-325,851,-5003,-207,-718,221
910,-2608,-7043,-443,969,-4779,-153,-761,175
910,-2608,-7043,-447,1065,-4703,-113,-789,120
910,-2608,-7043,-424,1074,-4521,-69,-799,74
910,-2608,-7043,-513,1259,-4319,-35,-807,25
910,-2608,-7043,-570,1184,-4121,-20,-787,-5
756,-2678,-7085,-616,1248,-3845,-23,-1019,-67
756,-2678,-7085,-707,1237,-4011,-9,-756,-117
756,-2678,-7085,-779,1189,-3954,3,-704,-187
756,-2678,-7085,-859,1213,-3925,9,-696,-233
756,-2678,-7085,-903,1235,-3941,9,-665,-269
756,-2678,-7085,-924,1530,-4016,21,-627,-311
756,-2678,-7085,-968,1518,-4184,33,-614,-350
756,-2678,-7085,-953,1037,-4234,31,-594,-395
756,-2678,-7085,-993,1515,-4394,41,-592,-446
503,-2674,-7120,-982,1240,-4450,76,-591,-487
503,-2674,-7120,-1024,1209,-4477,90,-594,-520
503,-2674,-7120,-1068,1199,-4619,97,-610,-543
503,-2674,-7120,-992,1227,-4617,130,-636,-591
503,-2674,-7120,-988,1230,-4846,123,-667,-632
503,-2674,-7120,-952,1184,-4989,124,-697,-667
503,-2674,-7120,-909,1105,-5119,123,-739,-707
503,-2674,-7120,-941,1015,-5243,115,-770,-742
503,-2674,-7120,-876,960,-5273,115,-813,-514
195,-2730,-7162,-911,861,-5392,98,-862,-775
195,-2730,-7162,-850,742,-5518,80,-917,-789
195,-2730,-7162,-800,636,-5591,75,-985,-802
195,-2730,-7162,-838,418,-5603,65,-1075,-796
195,-2730,-7162,-919,295,-5510,97,-1165,-783
195,-2730,-7162,-984,251,-5379,100,-1246,-762
195,-2730,-7162,-990,120,-5420,106,-1334,-740
195,-2730,-7162,-995,57,-5323,123,-1409,-699
195,-2730,-7162,-963,83,-5226,105,-1472,-679
-281,-2702,-7211,-972,72,-5205,99,-1532,-660
-281,-2702,-7211,-960,-10,-5141,56,-1586,-647
-281,-2702,-7211,-1041,-67,-4811,36,-1623,-605
-281,-2702,-7211,-1121,-192,-4699,23,-1662,-580
-281,-2702,-7211,-1185,-357,-4552,11,-1710,-556
-281,-2702,-7211,-1272,-482,-4583,19,-1740,-522
-281,-2702,-7211,-1322,-447,-4511,48,-1768,-477
-281,-2702,-7211,-1380,-493,-4439,5,-1807,-453
-281,-2702,-7211,-1466,-488,-4354,8,-1836,-410
-983,-2678,-7098,-1510,-530,-4287,-4,-1866,-340
-983,-2678,-7098,-1503,-545,-4230,4,-1878,-303
-983,-2678,-7098,-1525,-619,-4217,1,-1905,-260
-983,-2678,-7098,-1590,-640,-4195,199,-1920,-234
-983,-2678,-7098,-1663,-663,-4206,-29,-1931,-191
-983,-2678,-7098,-1697,-743,-4080,-75,-1945,-125
-983,-2678,-7098,-1780,-984,-4099,-110,-1962,-88
-983,-2678,-7098,-1854,-849,-4057,-189,-1967,-54
-983,-2678,-7098,-1931,-952,-3847,-197,-1968,-3
-1697,-2684,-6805,-2023,-1009,-3838,-261,-1982,31
-1697,-2684,-6805,-2100,-1004,-3755,-282,-1976,88
-1697,-2684,-6805,-2111,-821,-3634,-278,-1967,170
-1697,-2684,-6805,-2349,-729,-3118,-332,-1940,206
-1697,-2684,-6805,-2221,-391,-2974,-326,-1888,260
-1697,-2684,-6805,-2011,-678,-3316,-390,-1924,292
-1697,-2684,-6805,-2139,-775,-3053,-406,-1868,323
-1697,-2684,-6805,-2320,-564,-3031,-456,-1824,369
-1697,-2684,-6805,-2241,-475,-2934,-519,-1538,399
-2237,-2877,-6266,-2178,-348,-2734,-562,-1754,405
-2237,-2877,-6266,-2124,-202,-2341,-575,-1740,388
-2237,-2877,-6266,-2124,-186,-2169,-603,-1701,355
-2237,-2877,-6266,-2269,-268,-2018,-598,-1658,337
-2237,-2877,-6266,-2342,-316,-1677,-613,-1601,327
-2237,-2877,-6266,-2180,-322,-1486,-597,-1545,316
-2237,-2877,-6266,-2360,-120,-1056,-617,-1477,316
-2237,-2877,-6266,-2387,-63,-1161,-648,-1387,338
-2237,-2877,-6266,-2196,78,-834,-738,-1255,315
-2522,-3140,-5729,-2154,488,-479,-761,-1151,299
-2522,-3140,-5729,-2154,202,-181,-751,-1069,265
-2522,-3140,-5729,-2162,225,136,-741,-986,227
-2522,-3140,-5729,-2109,181,227,-750,-893,197
-2522,-3140,-5729,-1987,273,386,-758,-796,196
-2522,-3140,-5729,-1961,351,534,-749,-693,163
-2522,-3140,-5729,-1946,410,850,-749,-585,138
-2522,-3140,-5729,-1940,520,1081,-728,-490,106
-2522,-3140,-5729,-2011,647,1366,-716,-356,69
-2590,-3363,-5386,-2016,713,1431,-709,-232,34
-2590,-3363,-5386,-1993,766,1502,-679,-105,-8
-2590,-3363,-5386,-2300,721,1609,-619,32,-53
-2590,-3363,-5386,-2034,670,1684,-573,149,-93
-2590,-3363,-5386,-1960,733,1574,-523,286,-127
-2590,-3363,-5386,-1908,755,1602,-487,410,-147
-2590,-3363,-5386,-1910,810,1587,-472,546,-187
-2590,-3363,-5386,-1873,825,1383,-444,688,-218
-2590,-3363,-5386,-1767,875,1201,-453,807,-220
-2547,-3462,-5337,-1638,894,1036,-456,919,-232
-2547,-3462,-5337,-1626,846,879,-439,1012,-258
-2547,-3462,-5337,-1575,761,708,-428,1107,-296
-2547,-3462,-5337,-1426,752,467,-420,1173,-326
-2547,-3462,-5337,-1433,769,470,-402,1273,-335
-2547,-3462,-5337,-1363,657,72,-373,1329,-366
-2547,-3462,-5337,-1258,666,-244,-347,1395,-384
-2547,-3462,-5337,-1239,771,-182,-306,1473,-403
-2547,-3462,-5337,-1142,524,-205,-244,1526,-424
-2351,-3414,-5647,-1133,689,-225,-190,1589,-451
-2351,-3414,-5647,-1120,611,-242,-138,1674,-479
-2351,-3414,-5647,-1073,442,-359,-113,1751,-500
-2351,-3414,-5647,-941,398,-484,-80,1846,-515
-2351,-3414,-5647,-832,320,-601,-45,1958,-524
-2351,-3414,-5647,-745,207,-804,-37,2065,-547
-2351,-3414,-5647,-583,115,-1095,-47,2164,-543
-2351,-3414,-5647,-496,54,-1230,-25,2254,-550
-2351,-3414,-5647,-301,11,-1528,-50,2317,-562
-2010,-3350,-6084,-223,-91,-1774,-44,2371,-574
-2010,-3350,-6084,-140,-142,-2016,-36,2416,-558
-2010,-3350,-6084,30,-214,-2235,-68,2450,-563
-2010,-3350,-6084,108,-300,-2388,-93,2487,-561
-2010,-3350,-6084,207,-457,-2580,-69,2530,-565
-2010,-3350,-6084,341,-499,-2781,-61,2554,-558
-2010,-3350,-6084,510,-598,-2933,-51,2563,-549
-2010,-3350,-6084,627,-613,-3192,-46,2609,-534
-2010,-3350,-6084,686,-606,-3289,-12,2612,-515
-2010,-3094,-6550,732,-614,-3449,-42,2615,-517
-1339,-3288,-6550,791,-639,-3840,-47,2629,-501
-1339,-3288,-6550,805,-705,-3929,-14,2626,-474
-1339,-3288,-6550,878,-716,-4217,9,2612,-462
-1339,-3288,-6550,970,-761,-4495,45,2594,-449
-1339,-3288,-6550,1073,-717,-4632,86,2572,-440
-1339,-3288,-6550,1118,-646,-5105,97,2556,-427
-1339,-3288,-6550,1133,-650,-5107,90,2523,-429
-1339,-3288,-6550,1103,-650,-5360,165,2483,-438
-1339,-3288,-6550,1108,-558,-5707,165,2405,-438
-542,-3270,-6822,1066,-616,-5861,201,2333,-438
-542,-3270,-6822,1053,-661,-6214,228,2243,-407
-542,-3270,-6822,1102,-596,-6484,275,2136,-397
-542,-3270,-6822,1141,-693,-6703,331,2009,-385
-542,-3270,-6822,1044,-788,-7007,343,1890,-382
-542,-3270,-6822,1076,-670,-6928,350,1770,-365
-542,-3270,-6822,999,-847,-7107,323,1653,-354
-542,-3270,-6822,968,-802,-7093,304,1549,-342
-542,-3270,-6822,929,-783,-7052,244,1437,-317
153,-3171,-6868,902,-824,-6870,208,1351,-282
153,-3171,-6868,894,-874,-6742,172,1253,-265
153,-3171,-6868,780,-978,-6562,153,1173,-230
153,-3171,-6868,652,-1062,-6313,158,1103,-199
153,-3171,-6868,464,-1148,-6075,165,1037,-153
153,-3171,-6868,436,-1200,-5768,207,971,-94
153,-3171,-6868,480,-1128,-5485,255,916,-33
153,-3171,-6868,595,-997,-5276,296,882,37
153,-3171,-6868,686,-864,-5059,341,817,76
568,-3078,-6908,795,-755,-4896,379,793,96
568,-3078,-6908,932,-580,-4741,402,783,115
568,-3078,-6908,977,-531,-4510,389,784,149
568,-3078,-6908,1092,-412,-4475,362,779,186
568,-3078,-6908,1267,-347,-4475,343,797,197
568,-3078,-6908,1495,-253,-4393,338,814,208
568,-3078,-6908,1547,-69,-4445,318,820,203
568,-3078,-6908,1962,-76,-4456,266,846,186
568,-3078,-6908,2091,-45,-4443,232,869,195
921,-2950,-6853,2122,12,-4421,183,886,201
921,-2950,-6853,2078,106,-4490,164,929,197
921,-2950,-6853,2124,78,-4260,132,942,174
921,-2950,-6853,2166,106,-4171,121,963,160
921,-2950,-6853,2149,61,-4117,112,971,138
921,-2950,-6853,2160,114,-4093,137,974,154
921,-2950,-6853,2252,112,-4122,153,1010,151
921,-2950,-6853,2293,163,-4118,132,1023,134
921,-2950,-6853,2378,222,-4072,159,1009,108
1320,-2829,-6722,2407,309,-4274,162,1031,94
1320,-2829,-6722,2530,446,-4442,129,1024,75
1320,-2829,-6722,2683,601,-4535,108,1024,58
1320,-2829,-6722,2676,758,-4703,30,995,44
1320,-2829,-6722,2570,844,-4730,11,954,8
1320,-2829,-6722,2317,681,-5087,-63,922,-11
1320,-2829,-6722,2677,559,-5675,-144,822,-3
1320,-2829,-6722,2894,1000,-5437,-166,762,-22
1320,-2829,-6722,3174,788,-5887,-144,630,-57
1708,-2800,-6518,2126,414,-5515,-156,540,-63
1708,-2800,-6518,2730,746,-6055,-138,426,-86
1708,-2800,-6518,2699,629,-5756,-124,310,-91
1708,-2800,-6518,2108,794,-5523,-113,192,-91
1708,-2800,-6518,2327,885,-5502,-82,102,-94
1708,-2800,-6518,2414,912,-5634,-53,-4,-104
1708,-2800,-6518,2331,907,-5549,-66,-98,-120
1708,-2800,-6518,2296,944,-5465,-63,-183,-128
1708,-2800,-6518,2304,892,-5533,-90,-271,-140
1804,-2821,-6464,2374,950,-5507,-74,-342,-150
1804,-2821,-6464,2451,923,-5473,-65,-395,-150
1804,-2821,-6464,2397,879,-5511,-100,-464,-139
1804,-2821,-6464,2445,871,-5450,-99,-526,-128
1804,-2821,-6464,2441,965,-5482,-168,-574,-128
1804,-2821,-6464,2553,945,-5567,-228,-625,-127
1804,-2821,-6464,2247,999,-5317,-242,-674,-137
1804,-2821,-6464,2239,1253,-5274,-264,-712,-148
1804,-2821,-6464,2015,1387,-5448,-280,-761,-185
1646,-2883,-6542,2464,1440,-5565,-341,-778,-223
1646,-2883,-6542,2436,1182,-5639,-371,-845,-282
1646,-2883,-6542,2240,1392,-5656,-404,-936,-320
1646,-2883,-6542,2527,1511,-5881,-427,-954,-381
1646,-2883,-6542,2707,1621,-5687,-460,-1025,-435
1646,-2883,-6542,2701,1777,-5581,-501,-1077,-509
1646,-2883,-6542,2597,1635,-5460,-513,-1130,-585
1646,-2883,-6542,2348,1373,-5436,-565,-1157,-632
1646,-2883,-6542,2494,1442,-5430,-542,-1240,-667
1332,-3113,-6555,2251,1437,-5288,-469,-1262,-682
1332,-3113,-6555,2317,2251,-5027,-402,-1295,-730
1332,-3113,-6555,2676,1406,-5376,-346,-1297,-994
1332,-3113,-6555,2616,1324,-5811,-285,-1355,-786
1332,-3113,-6555,2612,1268,-5689,-253,-1408,-792
1332,-3113,-6555,2579,1255,-5815,-214,-1456,-784
1332,-3113,-6555,2264,826,-5923,-166,-1492,-759
1332,-3113,-6555,2578,1396,-5686,-193,-1563,-776
1332,-3113,-6555,2552,1228,-6556,-172,-1643,-804
786,-3314,-6656,2567,1405,-6728,-141,-1732,-817
786,-3314,-6656,2661,1593,-6676,-160,-1832,-837
786,-3314,-6656,2574,1462,-6753,-201,-1904,-857
786,-3314,-6656,2549,1541,-6861,-279,-1972,-876
786,-3314,-6656,2486,1678,-6780,-412,-2022,-880
786,-3314,-6656,2565,1393,-7164,-493,-2118,-909
786,-3314,-6656,2463,1387,-7346,-559,-2151,-927
786,-3314,-6656,2451,1317,-6616,-620,-2244,-932
786,-3314,-6656,2230,1486,-6665,-673,-2311,-946
1,-3539,-6697,2624,1505,-6186,-724,-2359,-957
1,-3539,-6697,2394,1518,-6008,-712,-2403,-1014
1,-3539,-6697,2309,1699,-5829,-750,-2423,-1040
1,-3539,-6697,2242,1776,-5704,-526,-2432,-1066
1,-3539,-6697,2108,1408,-5597,-556,-2428,-1076
1,-3539,-6697,2022,1385,-5540,-799,-2446,-1087
1,-3539,-6697,2032,1143,-5531,-808,-2460,-1093
1,-3539,-6697,1988,1175,-5291,-826,-2465,-1088
1,-3539,-6697,1882,1235,-5132,-841,-2457,-1094
-974,-3740,-6314,1698,1246,-4932,-832,-2449,-1090
-974,-3740,-6314,1597,1245,-4828,-838,-2427,-1088
-974,-3740,-6314,1591,947,-4489,-811,-2395,-1100
-974,-3740,-6314,1408,898,-4289,-810,-2385,-1075
-974,-3740,-6314,1259,827,-4027,-776,-2361,-1067
-974,-3740,-6314,1132,826,-3667,-744,-2368,-1043
-974,-3740,-6314,1096,760,-3525,-715,-2344,-1026
-974,-3740,-6314,1029,659,-3208,-691,-2324,-1028
-974,-3740,-6314,1055,526,-3030,-664,-2309,-1005
-1844,-3803,-5699,871,421,-2809,-662,-2288,-991
-1844,-3803,-5699,666,362,-2435,-624,-2275,-984
-1844,-3803,-5699,535,365,-2101,-611,-2234,-950
-1844,-3803,-5699,213,263,-1640,-611,-2204,-921
-1844,-3803,-5699,43,283,-1460,-601,-2161,-884
-1844,-3803,-5699,101,383,-1367,-607,-2122,-867
-1844,-3803,-5699,65,465,-1244,-617,-2072,-858
-1844,-3803,-5699,129,549,-870,-637,-1984,-854
-1844,-3803,-5699,9,603,-700,-712,-1900,-848
-2401,-3684,-5000,-129,593,-377,-730,-1799,-856
-2401,-3684,-5000,-326,546,-54,-785,-1709,-856
-2401,-3684,-5000,-515,493,9,-816,-1602,-833
-2401,-3684,-5000,-645,437,186,-808,-1499,-806
-2401,-3684,-5000,-829,390,458,-854,-1388,-776
-2401,-3684,-5000,-965,339,611,-844,-1280,-749
-2401,-3684,-5000,-1086,432,624,-830,-1166,-721
-2401,-3684,-5000,-1270,410,810,-848,-1057,-693
-2401,-3684,-5000,-1341,511,927,-858,-952,-666
-2687,-3548,-4467,-1502,414,1055,-839,-843,-632
-2687,-3548,-4467,-1603,369,1186,-855,-715,-591
-2687,-3548,-4467,-1629,357,1239,-855,-591,-564
-2687,-3548,-4467,-1628,476,1277,-856,-449,-518
-2687,-3548,-4467,-1661,633,1125,-892,-311,-496
-2687,-3548,-4467,-1700,761,1151,-919,-185,-474
-2687,-3548,-4467,-2033,843,1113,-950,-62,-469
-2687,-3548,-4467,-1799,905,967,-932,44,-465
-2687,-3548,-4467,-1970,956,813,-920,140,-457
-2768,-3439,-4145,-1924,1134,638,-899,219,-457
-2768,-3439,-4145,-1882,1174,392,-928,344,-479
-2768,-3439,-4145,-2005,1295,328,-902,344,-469
-2768,-3439,-4145,-2224,1414,370,-896,444,-475
-2768,-3439,-4145,-2274,1470,161,-893,473,-488
-2768,-3439,-4145,-2475,1657,68,-876,554,-496
-2768,-3439,-4145,-2464,1490,-83,-853,568,-492
-2768,-3439,-4145,-2491,1577,-339,-823,578,-517
-2768,-3439,-4145,-2469,1577,-542,-799,606,-535
-2874,-3335,-4119,-2458,1696,-692,-792,612,-551
-2874,-3335,-4119,-2478,1736,-961,-805,637,-569
-2874,-3335,-4119,-2407,1757,-1155,-808,661,-590
-2874,-3335,-4119,-2396,1956,-1178,-798,676,-584
-2874,-3335,-4119,-2459,1747,-1325,-839,697,-598
-2874,-3335,-4119,-2455,1703,-1514,-887,719,-611
-2874,-3335,-4119,-2401,1989,-1432,-921,745,-639
-2874,-3335,-4119,-2223,1517,-1456,-946,736,-644
-2874,-3335,-4119,-2387,1544,-1504,-971,739,-671
-2967,-3137,-4199,-2546,1493,-1621,-1005,740,-688
-2967,-3137,-4199,-2604,1390,-1594,-992,749,-704
-2967,-3137,-4199,-2562,1366,-1462,-998,752,-715
-2967,-3137,-4199,-2530,1252,-1471,-980,757,-725
-2967,-3137,-4199,-2619,1105,-1313,-934,757,-727
-2967,-3137,-4199,-2323,1073,-1218,-910,772,-720
-2967,-3137,-4199,-2539,993,-1148,-842,779,-722
-2967,-3137,-4199,-2463,903,-955,-812,802,-726
-2967,-3137,-4199,-2449,829,-757,-741,842,-720
-2967,-3137,-4199,-2292,804,-643,-705,880,-719
-3100,-2917,-4383,-2238,726,-467,-672,939,-715
-3100,-2917,-4383,-2080,790,-428,-670,1004,-694
-3100,-2917,-4383,-1950,802,-507,-593,1072,-699
-3100,-2917,-4383,-1704,866,-633,-538,1140,-691
-3100,-2917,-4383,-1540,908,-715,-517,1207,-692
-3100,-2917,-4383,-1440,908,-802,-485,1286,-710
-3100,-2917,-4383,-1240,946,-1251,-463,1358,-711
-3100,-2917,-4383,-1103,981,-1104,-454,1416,-729
-3100,-2917,-4383,-993,1059,-1249,-441,1476,-729
-3121,-2710,-4763,-916,1152,-1365,-420,1544,-749
-3121,-2710,-4763,-879,1151,-1524,-407,1592,-771
-3121,-2710,-4763,-895,1139,-1719,-386,1633,-790
-3121,-2710,-4763,-726,1160,-1904,-386,1655,-823
-3121,-2710,-4763,-631,1159,-2014,-371,1695,-831
-3121,-2710,-4763,-528,1094,-2171,-376,1740,-845
-3121,-2710,-4763,-446,1130,-2278,-377,1747,-881
-3121,-2710,-4763,-408,1078,-2331,-362,1768,-900
-3121,-2710,-4763,-332,960,-2459,-344,1792,-937
-3065,-2518,-5309,-262,876,-2606,-331,1808,-944
-3065,-2518,-5309,-183,691,-2724,-290,1807,-965
-3065,-2518,-5309,-82,574,-2762,-241,1823,-985
-3065,-2518,-5309,2,492,-2874,-220,1830,-1001
-3065,-2518,-5309,14,296,-2850,-206,1840,-1011
-3065,-2518,-5309,116,182,-2945,-171,1851,-1013
-3065,-2518,-5309,238,84,-2955,-116,1861,-770
-3065,-2518,-5309,297,-123,-2992,-39,1883,-1019
-3065,-2518,-5309,457,-277,-3141,37,1892,-999
-2739,-2293,-5948,630,-288,-3226,63,1931,-985
-2739,-2293,-5948,811,-281,-3381,111,1944,-970
-2739,-2293,-5948,976,-172,-3504,139,1979,-973
-2739,-2293,-5948,1132,-96,-3633,188,2004,-994
-2739,-2293,-5948,1255,-138,-3777,201,2024,-1000
-2739,-2293,-5948,1351,-156,-3970,237,2046,-1013
-2739,-2293,-5948,1403,-299,-4144,260,2073,-1023
-2739,-2293,-5948,1416,-416,-4226,268,2069,-771
-2739,-2293,-5948,1459,-369,-4399,273,2069,-1020
-2240,-1997,-6590,1496,-366,-4458,309,2071,-1000
-2240,-1997,-6590,1618,-284,-4557,343,2065,-1015
-2240,-1997,-6590,1786,-228,-4732,389,2298,-1021
-2240,-1997,-6590,1861,-335,-4899,428,2016,-1037
-2240,-1997,-6590,1902,-432,-4941,442,1986,-1041
-2240,-1997,-6590,1961,-765,-5004,481,1958,-1049
-2240,-1997,-6590,2050,-778,-5179,483,1938,-1034
-2240,-1997,-6590,1847,-721,-4858,509,1902,-1018
-2240,-1997,-6590,2536,-514,-5187,498,1876,-1047
-1529,-1652,-7090,1892,-696,-5076,469,1838,-1053
-1529,-1652,-7090,2257,-877,-5090,428,1809,-1047
-1529,-1652,-7090,2433,-1103,-5273,407,1788,-1023
-1529,-1652,-7090,2440,-1278,-5289,408,1763,-1002
-1529,-1652,-7090,2397,-1261,-5175,371,1745,-968
-1529,-1652,-7090,2266,-1068,-4982,363,1717,-929
-1529,-1652,-7090,2374,-752,-4994,370,1702,-848
-1529,-1652,-7090,2549,-471,-5065,378,1678,-844
-1529,-1652,-7090,2705,-373,-5212,390,1655,-853
-798,-1406,-7320,2750,-416,-5201,382,1656,-893
-798,-1406,-7320,2865,-235,-5318,394,1619,-938
-798,-1406,-7320,2934,-188,-5242,400,1588,-976
-798,-1406,-7320,3009,3,-5292,455,1570,-1008
-798,-1406,-7320,3063,140,-5373,501,1524,-1055
-798,-1406,-7320,3099,239,-5451,565,1488,-1094
-798,-1406,-7320,3324,442,-5427,646,1436,-1147
-798,-1406,-7320,3293,483,-5298,702,1385,-1217
-798,-1406,-7320,3364,480,-5289,733,1352,-1032
-109,-1153,-7392,3417,445,-5274,768,1313,-1336
-109,-1153,-7392,3393,413,-5325,798,1293,-1402
-109,-1153,-7392,3389,449,-5259,875,1238,-1429
-109,-1153,-7392,3444,486,-5298,929,1200,-1484
-109,-1153,-7392,3512,470,-5491,978,1133,-1515
-109,-1153,-7392,3597,471,-5550,1020,1072,-1560
-109,-1153,-7392,3643,365,-5418,1069,992,-1600
-109,-1153,-7392,3620,324,-5739,1069,942,-1637
-109,-1153,-7392,3613,427,-5696,1093,864,-1676
509,-827,-7259,3661,459,-5833,1096,792,-1711
509,-827,-7259,3615,515,-5783,1099,732,-1750
509,-827,-7259,3609,511,-5845,1112,638,-1799
509,-827,-7259,3563,471,-5940,1083,562,-1832
509,-827,-7259,3558,390,-5946,1069,488,-1847
509,-827,-7259,3468,352,-6046,1064,398,-1861
509,-827,-7259,3523,477,-6038,1047,298,-1876
509,-827,-7259,3362,630,-6080,1058,192,-1900
509,-827,-7259,3421,753,-6063,1064,91,-1924
962,-614,-7162,3410,814,-6180,1077,-29,-1961
962,-614,-7162,3442,858,-6120,1030,-121,-1989
962,-614,-7162,3370,972,-6175,994,-222,-2025
962,-614,-7162,3398,1090,-6209,991,-323,-1808
962,-614,-7162,3364,1118,-6156,960,-407,-1841
962,-614,-7162,3387,1151,-6162,956,-498,-2086
962,-614,-7162,3390,996,-6113,944,-611,-2105
962,-614,-7162,3396,856,-6099,941,-699,-2137
962,-614,-7162,3324,742,-6020,921,-803,-2144
1071,-519,-7156,3258,600,-6003,923,-894,-2136
1071,-519,-7156,3224,456,-5916,916,-991,-2125
1071,-519,-7156,3200,408,-5994,903,-1080,-2108
1071,-519,-7156,3223,511,-5926,899,-1159,-2066
1071,-519,-7156,3086,2,-5858,879,-1254,-2026
1071,-519,-7156,3027,5,-5906,857,-1337,-2001
1071,-519,-7156,2971,188,-5788,844,-1414,-1952
1071,-519,-7156,2887,144,-5807,838,-1496,-1906
1071,-519,-7156,2858,211,-5795,789,-1568,-1867
892,-509,-7158,2838,312,-5681,732,-1653,-1851
892,-509,-7158,2852,416,-5550,691,-1711,-1780
892,-509,-7158,2865,480,-5265,637,-1760,-1769
892,-509,-7158,2847,589,-5070,593,-1797,-1749
892,-509,-7158,2808,698,-4900,581,-1823,-1709
892,-509,-7158,2842,798,-4712,586,-1868,-1689
892,-509,-7158,2845,901,-4512,551,-1877,-1674
892,-509,-7158,2847,989,-4405,540,-1874,-1673
892,-509,-7158,2775,1051,-4302,496,-1859,-1672
457,-440,-7189,2712,1086,-4037,452,-1854,-1666
457,-440,-7189,2641,1100,-4023,439,-1831,-1683
457,-440,-7189,2310,1127,-4004,401,-1823,-1691
457,-440,-7189,2511,1125,-4124,354,-1804,-1687
457,-440,-7189,2439,1089,-4087,322,-1786,-1682
457,-440,-7189,2416,1118,-4106,312,-1772,-1673
457,-440,-7189,2225,1081,-4110,277,-1743,-1641
457,-440,-7189,2138,1026,-4041,230,-1710,-1618
457,-440,-7189,2010,994,-4028,161,-1689,-1605
457,-440,-7200,1870,954,-4089,135,-1676,-1574
14,-368,-7200,1743,897,-3889,102,-1654,-1555
14,-368,-7200,1538,898,-3981,48,-1632,-1545
14,-368,-7200,1500,930,-4007,-23,-1624,-1539
14,-368,-7200,1404,806,-3951,-73,-1592,-1529
14,-368,-7200,1190,716,-3834,-136,-1552,-1496
14,-368,-7200,1089,753,-3740,-182,-1540,-1474
14,-368,-7200,994,764,-3740,-214,-1493,-1408
14,-368,-7200,993,765,-3728,-275,-1477,-1395
14,-368,-7200,958,750,-3714,-294,-1445,-1399
-362,-408,-7192,888,730,-3696,-348,-1411,-1379
-362,-408,-7192,803,752,-3743,-394,-1376,-1357
-362,-408,-7192,716,716,-3585,-419,-1341,-1355
-362,-408,-7192,609,742,-3566,-486,-1308,-1347
-362,-408,-7192,524,773,-3484,-515,-1279,-1348
-362,-408,-7192,431,697,-3420,-559,-1243,-1346
-362,-408,-7192,440,700,-3404,-578,-1221,-1357
-362,-408,-7192,447,707,-3443,-625,-1211,-1365
-362,-408,-7192,425,669,-3462,-659,-1188,-1373
-652,-558,-7198,447,673,-3353,-689,-1165,-1381
-652,-558,-7198,406,626,-3218,-698,-1138,-1387
-652,-558,-7198,418,596,-3142,-691,-1136,-1403
-652,-558,-7198,407,555,-3126,-709,-1090,-1432
-652,-558,-7198,388,476,-2958,-701,-1083,-1442
-652,-558,-7198,358,382,-2819,-679,-1059,-1462
-652,-558,-7198,340,358,-2605,-667,-1021,-1477
-652,-558,-7198,258,340,-2405,-631,-990,-1488
-652,-558,-7198,188,247,-2199,-611,-945,-1500
-919,-677,-7172,116,203,-2019,-587,-888,-1505
-919,-677,-7172,57,223,-1835,-593,-830,-1524
-919,-677,-7172,90,226,-1832,-581,-770,-1550
-919,-677,-7172,63,189,-1635,-557,-699,-1558
-919,-677,-7172,44,224,-1543,-565,-615,-1572
-919,-677,-7172,91,169,-1479,-550,-535,-1584
-919,-677,-7172,102,150,-1447,-568,-444,-1609
-919,-677,-7172,103,109,-1327,-558,-341,-1627
-919,-677,-7172,104,44,-1468,-534,-259,-1643
-968,-721,-7218,103,-33,-1371,-562,-172,-1654
-968,-721,-7218,184,-92,-1491,-521,-83,-1649
-968,-721,-7218,220,-182,-1456,-513,-5,-1677
-968,-721,-7218,251,-245,-1549,-492,55,-1686
-968,-721,-7218,263,-206,-1524,-459,128,-1719
-968,-721,-7218,279,-244,-1548,-446,190,-1739
-968,-721,-7218,303,-286,-1617,-446,252,-1739
-968,-721,-7218,401,-331,-1606,-423,310,-1765
-968,-721,-7218,473,-380,-1725,-433,377,-1772
-740,-740,-7235,539,-345,-1741,-430,422,-1768
-740,-740,-7235,588,-319,-1820,-427,498,-1782
-740,-740,-7235,665,-357,-1791,-409,565,-1816
-740,-740,-7235,718,-370,-1811,-404,625,-1850
-740,-740,-7235,788,-380,-1933,-428,697,-1829
-740,-740,-7235,922,-486,-1955,-447,779,-1846
-740,-740,-7235,966,-518,-1979,-446,868,-1855
-740,-740,-7235,1008,-508,-2138,-463,939,-1879
-740,-740,-7235,1100,-552,-2274,-483,1033,-1904
-301,-762,-7384,1214,-628,-2508,-485,1101,-1904
-301,-762,-7384,1315,-655,-2787,-486,1148,-1908
-301,-762,-7384,1385,-719,-2979,-499,1217,-1936
-301,-762,-7384,1481,-757,-3276,-508,1252,-1948
-301,-762,-7384,1575,-715,-3610,-494,1505,-1940
-301,-762,-7384,1657,-677,-3902,-520,1535,-1967
-301,-762,-7384,1781,-657,-4195,-542,1265,-1973
-301,-762,-7384,1839,-605,-4500,-552,1261,-1987
-301,-762,-7384,1923,-633,-4770,-583,1218,-1989
424,-989,-7405,1945,-615,-4930,-623,1192,-2009
424,-989,-7405,1956,-632,-5140,-663,1149,-2021
424,-989,-7405,1943,-671,-5235,-701,1116,-2031
424,-989,-7405,1871,-696,-5144,-728,1074,-2041
424,-989,-7405,1816,-768,-5209,-711,1032,-2018
424,-989,-7405,1708,-835,-5201,-699,999,-2006
424,-989,-7405,1678,-888,-5150,-697,968,-1988
424,-989,-7405,1746,-920,-5140,-698,944,-1975
424,-989,-7405,1741,-955,-5174,-683,915,-1967
1027,-1415,-7385,1686,-1264,-5009,-691,902,-1957
1027,-1415,-7385,1548,-1118,-4830,-713,890,-1941
1027,-1415,-7385,1788,-1110,-5146,-743,882,-1910
1027,-1415,-7385,1772,-1134,-5105,-732,886,-1904
1027,-1415,-7385,1769,-1143,-5158,-728,895,-1879
1027,-1415,-7385,1701,-1271,-5270,-716,888,-1813
1027,-1415,-7385,1761,-1287,-5322,-741,878,-1783
1027,-1415,-7385,1789,-1391,-5388,-742,886,-1757
1027,-1415,-7385,1791,-1373,-5581,-736,873,-1719
1394,-1920,-7216,1763,-1253,-5683,-728,849,-1692
1394,-1920,-7216,1664,-1227,-5727,-715,831,-1665
1394,-1920,-7216,1654,-1157,-5785,-704,798,-1640
1394,-1920,-7216,1724,-1108,-6131,-699,778,-1617
1394,-1920,-7216,1644,-1032,-6174,-692,737,-1601
1394,-1920,-7216,1681,-763,-6362,-675,705,-1579
1394,-1920,-7216,1528,-482,-6391,-603,654,-1579
1394,-1920,-7216,1468,-252,-6623,-542,607,-1593
1394,-1920,-7216,1454,-64,-6753,-488,545,-1625
1551,-2492,-6941,1412,14,-6970,-426,481,-1654
1551,-2492,-6941,1301,57,-7165,-368,406,-1682
1551,-2492,-6941,1182,122,-7293,-328,334,-1720
1551,-2492,-6941,1027,69,-7274,-266,264,-1748
1551,-2492,-6941,834,124,-7333,-215,174,-1767
1551,-2492,-6941,787,52,-7632,-156,84,-1780
1551,-2492,-6941,686,-124,-7690,-127,-11,-2036
1551,-2492,-6941,625,-257,-7865,-51,-129,-1791
1551,-2492,-6941,587,-367,-8061,8,-485,-1778
1330,-2916,-6874,590,-452,-8113,64,-380,-1759
1330,-2916,-6874,514,-320,-8353,113,-504,-1744
1330,-2916,-6874,678,-344,-8425,121,-620,-1725
1330,-2916,-6874,572,-314,-8653,123,-745,-1719
1330,-2916,-6874,558,-38,-8538,96,-866,-1707
1330,-2916,-6874,597,-479,-8536,47,-980,-1700
1330,-2916,-6874,567,-176,-8491,-7,-1117,-1686
1330,-2916,-6874,760,-166,-8392,-57,-1232,-1660
1330,-2916,-6874,568,-268,-8306,-98,-1346,-1643
714,-3153,-6921,673,-295,-8208,-102,-1473,-1644
714,-3153,-6921,669,-305,-8074,-132,-1570,-1631
714,-3153,-6921,748,-282,-8013,-176,-1663,-1610
714,-3153,-6921,675,-303,-7801,-188,-1750,-1598
714,-3153,-6921,463,-361,-7804,-186,-1820,-1596
714,-3153,-6921,470,-390,-7614,-141,-1931,-1557
714,-3153,-6921,413,-591,-7558,-84,-2051,-1522
714,-3153,-6921,331,-807,-7351,-40,-2138,-1461
714,-3153,-6921,197,-829,-7311,-77,-2243,-1410
-263,-3257,-6952,164,-854,-7056,-58,-2331,-1354
-263,-3257,-6952,157,-907,-6949,-69,-2423,-1320
-263,-3257,-6952,276,-1006,-6963,-96,-2506,-1275
-263,-3257,-6952,294,-1068,-6694,-135,-2565,-1212
-263,-3257,-6952,271,-1081,-6435,-179,-2623,-1154
-263,-3257,-6952,328,-1114,-6176,-247,-2660,-1055
-263,-3257,-6952,283,-1129,-5747,-281,-2692,-1005
-263,-3257,-6952,280,-1098,-5464,-319,-2718,-950
-263,-3257,-6952,189,-1221,-5063,-369,-2732,-902
-263,-3257,-6440,113,-1285,-4704,-397,-2732,-850
-1327,-3226,-6650,90,-1338,-4339,-404,-2744,-821
-1327,-3226,-6650,-36,-1472,-3981,-420,-2732,-770
-1327,-3226,-6650,-99,-1603,-3503,-432,-2730,-730
-1327,-3226,-6650,-252,-1668,-3089,-430,-2701,-673
-1327,-3226,-6650,-532,-1633,-2779,-436,-2665,-615
-1327,-3226,-6650,-624,-1752,-2029,-379,-2615,-559
-1327,-3226,-6650,-846,-1900,-1941,-309,-2578,-499
-1327,-3226,-6650,-923,-1984,-1551,-234,-2540,-452
-1327,-3226,-6650,-1121,-2021,-1290,-177,-2472,-372
-2233,-3260,-6028,-1262,-1964,-1146,-83,-2415,-314
-2233,-3260,-6028,-1305,-1911,-854,6,-2347,-248
-2233,-3260,-6028,-1452,-1820,-702,83,-2267,-195
-2233,-3260,-6028,-1535,-1591,-505,126,-2193,-142
-2233,-3260,-6028,-1643,-1483,-425,144,-2109,-101
-2233,-3260,-6028,-1712,-1462,-330,212,-2035,-59
-2233,-3260,-6028,-1809,-1401,-223,254,-1953,232
-2233,-3260,-6028,-1884,-1424,-103,277,-1874,21
-2233,-3260,-6028,-1988,-1406,-27,316,-1792,44
-2627,-3227,-5446,-2112,-1390,29,358,-1710,72
-2627,-3227,-5446,-2224,-1388,81,382,-1632,167
-2627,-3227,-5446,-2343,-1387,-214,424,-1558,201
-2627,-3227,-5446,-2404,-1448,-88,497,-1479,234
-2627,-3227,-5446,-2387,-1381,-240,528,-1441,268
-2627,-3227,-5446,-2408,-1304,-301,588,-1400,308
-2627,-3227,-5446,-2387,-1169,-356,627,-1360,331
-2627,-3227,-5446,-2381,-1089,-242,660,-1325,363
-2627,-3227,-5446,-2373,-801,-198,711,-1305,388
-2793,-3267,-5090,-2345,-1007,-262,758,-1272,404
-2793,-3267,-5090,-2387,-969,-169,780,-1256,418
-2793,-3267,-5090,-2376,-827,1,847,-1229,425
-2793,-3267,-5090,-2406,-708,136,914,-1207,435
-2793,-3267,-5090,-2375,-611,178,1235,-1183,438
-2793,-3267,-5090,-2339,-543,322,1080,-1147,439
-2793,-3267,-5090,-2329,-508,503,1123,-1098,448
-2793,-3267,-5090,-2347,-506,588,1195,-1052,441
-2793,-3267,-5090,-2308,-462,638,1231,-996,444
-2729,-3354,-4913,-2250,-392,730,1287,-926,440
-2729,-3354,-4913,-2316,-392,865,1347,-857,431
-2729,-3354,-4913,-2352,-332,946,1388,-796,440
-2729,-3354,-4913,-2396,-302,961,1446,-729,436
-2729,-3354,-4913,-2445,-289,1044,1497,-648,430
-2729,-3354,-4913,-2509,-305,1110,1517,-557,432
-2729,-3354,-4913,-2547,-247,1007,1571,-465,438
-2729,-3354,-4913,-2531,-185,1108,1596,-402,433
-2729,-3354,-4913,-2557,-125,1055,1682,-341,409
-2680,-3373,-5085,-2578,-123,1051,1748,-287,396
-2680,-3373,-5085,-2571,-139,958,1798,-237,380
-2680,-3373,-5085,-2621,-259,917,1854,-174,376
-2680,-3373,-5085,-2603,-219,839,1898,-102,394
-2680,-3373,-5085,-2539,-237,844,1940,-43,399
-2680,-3373,-5085,-2511,-299,1016,2005,0,391
-2680,-3373,-5085,-2454,-366,699,2044,49,393
-2680,-3373,-5085,-2394,-480,612,2087,116,390
-2680,-3373,-5085,-2323,-559,449,2107,157,392
-2564,-3341,-5559,-2244,-602,464,2137,224,398
-2564,-3341,-5559,-2130,-634,334,2155,273,407
-2564,-3341,-5559,-2042,-634,297,2167,341,420
-2564,-3341,-5559,-1929,-647,250,2174,410,423
-2564,-3341,-5559,-1862,-732,151,2190,482,420
-2564,-3341,-5559,-1823,-933,112,2204,555,433
-2564,-3341,-5559,-1807,-999,169,2191,647,449
-2564,-3341,-5559,-1675,-1071,12,2184,735,464
-2564,-3341,-5559,-1580,-1112,-32,2200,818,495
-2310,-3073,-6097,-1484,-1170,-97,2217,917,497
-2310,-3073,-6097,-1324,-1264,-313,2231,991,529
-2310,-3073,-6097,-1218,-1446,-720,2242,1093,555
-2310,-3073,-6097,-1107,-1559,-684,2297,1167,593
-2310,-3073,-6097,-977,-1663,-847,2320,1245,624
-2310,-3073,-6097,-875,-1729,-927,2326,1338,668
-2310,-3073,-6097,-712,-1736,-1278,2332,1416,696
-2310,-3073,-6097,-474,-1755,-1517,2336,1485,729
-2310,-3073,-6097,-309,-1893,-1747,2311,1565,758
-1827,-2628,-6772,-127,-1948,-2083,2270,1636,806
-1827,-2628,-6772,80,-1950,-2370,2246,1699,851
-1827,-2628,-6772,202,-1980,-2627,2225,1754,905
-1827,-2628,-6772,394,-2010,-3074,2203,1794,954
-1827,-2628,-6772,556,-2082,-3274,2176,1833,1273
-1827,-2628,-6772,785,-2051,-3630,2129,1859,1096
-1827,-2628,-6772,927,-1885,-4084,2074,1879,1150
-1827,-2628,-6772,1120,-1802,-4000,2013,1904,1183
-1827,-2628,-6772,1216,-1669,-4154,1960,1915,1213
-936,-2050,-7306,1383,-1489,-4297,1869,1932,1248
-936,-2050,-7306,1575,-1477,-4701,1789,1946,1284
-936,-2050,-7306,1711,-1433,-4790,1702,1952,1313
-936,-2050,-7306,1826,-1360,-4895,1629,1970,1365
-936,-2050,-7306,1911,-1349,-5127,1532,1984,1398
-936,-2050,-7306,1997,-1295,-5357,1449,1984,1444
-936,-2050,-7306,2076,-1348,-5630,1344,1995,1497
-936,-2050,-7306,2090,-1344,-5824,1253,1984,1541
-936,-2050,-7306,2044,-1300,-6039,1192,1965,1604
-45,-1520,-7495,2047,-1253,-6316,1149,1930,1643
-45,-1520,-7495,2118,-1198,-6561,1060,1885,1712
-45,-1520,-7495,2184,-1158,-6868,996,1832,1763
-45,-1520,-7495,2287,-1211,-7053,950,1754,1811
-45,-1520,-7495,2338,-1110,-7319,852,1708,1863
-45,-1520,-7495,2433,-875,-7525,1018,1637,1906
-45,-1520,-7495,2408,-720,-7652,700,1556,1949
-45,-1520,-7495,2463,-634,-7888,628,1476,1983
-45,-1520,-7495,2535,-718,-8100,559,1384,2029
730,-1108,-7340,2564,-766,-8157,484,1282,2082
730,-1108,-7340,2575,-693,-8139,373,1178,2136
730,-1108,-7340,2690,-566,-8089,287,1076,2210
730,-1108,-7340,2748,-384,-7914,204,956,2241
730,-1108,-7340,2836,-258,-7757,123,864,2256
730,-1108,-7340,2833,-263,-7540,63,519,2283
730,-1108,-7340,2926,-450,-7325,18,649,2319
730,-1108,-7340,3092,-550,-7206,-11,548,2381
730,-1108,-7340,3155,-531,-6802,-83,473,2400
952,-801,-7262,3155,-337,-6326,-66,402,2417
952,-801,-7262,3237,-159,-6097,-91,334,2442
952,-801,-7262,3252,58,-5697,3,301,2463
952,-801,-7262,3208,320,-5334,66,281,2476
952,-801,-7262,3408,492,-5265,118,270,2471
952,-801,-7262,3624,667,-5422,135,272,2437
952,-801,-7262,3763,817,-5513,143,285,2401
952,-801,-7262,3809,824,-5584,142,286,2370
952,-801,-7262,3811,851,-5752,102,285,2324
952,-801,-7262,3679,935,-5761,80,278,2295
851,-501,-7200,3589,1059,-5967,50,269,2277
851,-501,-7200,3585,1163,-6232,35,228,2257
851,-501,-7200,3577,1277,-6541,10,164,2234
851,-501,-7200,3546,1316,-6887,-12,108,2226
851,-501,-7200,3451,1371,-7053,-40,23,2196
851,-501,-7200,3405,1213,-7412,-74,-70,2147
851,-501,-7200,3218,1162,-7607,-104,-168,2113
851,-501,-7200,2968,1094,-7581,-125,-325,2107
851,-501,-7200,2881,1179,-7727,-108,-459,2083
630,-303,-7150,2907,1273,-7756,-67,-614,2045
630,-303,-7150,2836,1308,-7625,-56,-740,2035
630,-303,-7150,2881,1341,-7419,-41,-861,1976
630,-303,-7150,2896,1400,-7308,-16,-953,1937
630,-303,-7150,2847,1435,-7190,-6,-1063,1917
630,-303,-7150,2783,1513,-7087,-2,-1128,1873
630,-303,-7150,2695,1621,-6951,-7,-1194,1821
630,-303,-7150,2643,1761,-6850,241,-1242,1764
630,-303,-7150,2599,1813,-6728,-35,-1292,1706
8,-258,-7148,2311,1894,-6560,-36,-1325,1632
8,-258,-7148,2458,1947,-6345,-74,-1362,1558
8,-258,-7148,2328,1922,-6189,-77,-1387,1486
8,-258,-7148,2223,1873,-6171,-59,-1409,1419
8,-258,-7148,2129,1779,-6246,-43,-1433,1368
8,-258,-7148,2087,1623,-6294,26,-1471,1344
8,-258,-7148,1991,1537,-6324,82,-1506,1290
8,-258,-7148,1942,1406,-6312,126,-1572,1264
8,-258,-7148,1850,1336,-6308,148,-1597,1224
-719,-364,-7112,1745,1183,-6268,156,-1625,1198
-719,-364,-7112,1606,950,-6290,142,-1657,1175
-719,-364,-7112,1523,675,-6245,135,-1690,1169
-719,-364,-7112,1420,501,-6103,113,-1726,1156
-719,-364,-7112,1357,269,-6118,76,-1758,1158
-719,-364,-7112,1274,118,-6007,59,-1799,1182
-719,-364,-7112,1530,37,-5890,34,-1837,1199
-719,-364,-7112,1285,37,-5696,11,-1863,1225
-719,-364,-7112,1308,98,-5593,-27,-1887,1236
-1502,-564,-6931,1347,205,-5365,-62,-1917,1235
-1502,-564,-6931,1265,231,-5260,-82,-1919,1254
-1502,-564,-6931,1163,267,-5147,-108,-1917,1250
-1502,-564,-6931,1088,244,-5061,-100,-1940,1237
-1502,-564,-6931,947,351,-4972,-80,-1945,1219
-1502,-564,-6931,793,350,-4884,-57,-1965,1196
-1502,-564,-6931,635,431,-4702,-16,-1990,1167
-1502,-564,-6931,532,570,-4686,24,-2010,1149
-1502,-564,-6931,445,699,-4555,62,-2038,1121
-2222,-854,-6477,341,837,-4439,98,-2067,1092
-2222,-854,-6477,207,1015,-4407,140,-2105,1051
-2222,-854,-6477,168,1160,-4323,190,-2152,1031
-2222,-854,-6477,139,1281,-4224,229,-2162,971
-2222,-854,-6477,47,1383,-4125,269,-2216,921
-2222,-854,-6477,-1,1543,-4036,308,-2245,877
-2222,-854,-6477,-39,1693,-3803,300,-2294,813
-2222,-854,-6477,-104,1885,-3576,300,-2326,756
-2222,-854,-6477,-259,1856,-3319,344,-2356,682
-2854,-1150,-5818,-305,1876,-3200,370,-2377,617
-2854,-1150,-5818,-432,1796,-2837,399,-2389,560
-2854,-1150,-5818,-528,1823,-2535,429,-2387,501
-2854,-1150,-5818,-656,1830,-2258,476,-2394,439
-2854,-1150,-5818,-844,1794,-2009,536,-2380,385
-2854,-1150,-5818,-923,1757,-1729,602,-2367,324
-2854,-1150,-5818,-1034,1704,-1538,657,-2336,279
-2854,-1150,-5818,-1174,1542,-1230,751,-2312,500
-2854,-1150,-5818,-1358,1566,-1005,803,-2272,212
-3217,-1292,-4927,-1380,1592,-889,918,-2231,191
-3217,-1292,-4927,-1451,1695,-647,1036,-2199,157
-3217,-1292,-4927,-1491,1807,-482,1137,-2157,104
-3217,-1292,-4927,-1532,1868,-339,1236,-2096,30
-3217,-1292,-4927,-1618,1924,-119,1351,-2060,-28
-3217,-1292,-4927,-1741,1907,19,1451,-1996,-87
-3217,-1292,-4927,-1857,1895,177,1573,-1953,-162
-3217,-1292,-4927,-1910,1918,416,1680,-1889,-253
-3217,-1292,-4927,-2014,2008,555,1799,-1843,-334
-3317,-1299,-4158,-2049,2127,659,1950,-1787,-425
-3317,-1299,-4158,-2110,2186,701,2081,-1734,-503
-3317,-1299,-4158,-2203,2346,874,2210,-1686,-596
-3317,-1299,-4158,-2219,2468,825,2330,-1645,-689
-3317,-1299,-4158,-2238,2505,930,2430,-1605,-795
-3317,-1299,-4158,-2283,2527,1037,2540,-1572,-906
-3317,-1299,-4158,-2282,2452,1090,2639,-1531,-1028
-3317,-1299,-4158,-2248,2502,1205,2695,-1490,-1139
-3317,-1299,-4158,-2240,2442,1453,2741,-1464,-1250
-3219,-1219,-3469,-2204,2368,1532,2775,-1430,-1359
-3219,-1219,-3469,-2128,2208,1660,2771,-1379,-1476
-3219,-1219,-3469,-2172,2038,1797,2774,-1333,-1581
-3219,-1219,-3469,-2097,1851,2102,2766,-1264,-1658
-3219,-1219,-3469,-2057,1751,2294,2737,-1206,-1747
-3219,-1219,-3469,-2050,1504,2432,2661,-1114,-1843
-3219,-1219,-3469,-2112,1184,2588,2577,-1279,-1919
-3219,-1219,-3469,-2004,922,2685,2482,-927,-1980
-3219,-1219,-3469,-2068,636,3007,2398,-820,-2041
-2918,-1003,-2926,-1920,386,3044,2328,-707,-2092
-2918,-1003,-2926,-1895,209,3124,2254,-590,-2139
-2918,-1003,-2926,-1735,15,3020,2209,-499,-2175
-2918,-1003,-2926,-1627,-271,3028,2187,-400,-2219
-2918,-1003,-2926,-1501,-453,2894,2139,-299,-2260
-2918,-1003,-2926,-1454,-628,2967,2125,-242,-2297
-2918,-1003,-2926,-1368,-662,2950,2133,-165,-2348
-2918,-1003,-2926,-1244,-692,2841,2132,-98,-2409
-2918,-1003,-2926,-1021,-774,2707,2164,-40,-2477
-2685,-747,-2576,-864,-793,2586,2190,6,-2559
-2685,-747,-2576,-629,-866,2286,2157,50,-2625
-2685,-747,-2576,-491,-947,2233,2126,91,-2733
-2685,-747,-2576,-245,-1129,2146,2047,135,-2826
-2685,-747,-2576,-130,-1386,2121,1961,195,-2908
-2685,-747,-2576,77,-1613,2155,1879,254,-2978
-2685,-747,-2576,231,-1891,2171,1840,310,-3046
-2685,-747,-2576,356,-2220,2088,1745,367,-3099
-2685,-747,-2576,506,-2524,2061,1684,414,-3150
-2429,-357,-2436,597,-2925,1823,1638,462,-3205
-2327,-357,-2436,647,-3381,2022,1570,516,-3215
-2327,-357,-2436,850,-3696,1786,1436,568,-3218
-2327,-357,-2436,592,-4148,1874,1369,628,-3180
-2327,-357,-2436,670,-4442,1816,1210,687,-3137
-2327,-357,-2436,512,-4731,1845,1047,770,-3052
-2327,-357,-2436,399,-4904,1804,838,859,-2971
-2327,-357,-2436,193,-5157,1955,636,945,-2866
-2327,-357,-2436,142,-5352,1801,399,1038,-2694
-2327,-357,-2436,53,-5547,1814,181,1148,-2521
-1971,147,-2464,-45,-5471,1747,-73,1277,-2360
-1971,147,-2464,-10,-5784,1566,-302,1405,-2198
-1971,147,-2464,-15,-5735,1480,-517,1532,-2004
-1971,147,-2464,12,-5620,1330,-731,1654,-1819
-1971,147,-2464,16,-5443,1062,-899,1771,-1637
-1971,147,-2464,14,-5362,884,-1071,1875,-1468
-1971,147,-2464,154,-5050,700,-1212,1989,-1306
-1971,147,-2464,239,-4765,313,-1347,2039,-1165
-1971,147,-2464,277,-4645,236,-1459,2131,-1051
-1889,688,-3025,356,-4482,-74,-1611,2207,-932
-1889,688,-3025,437,-4319,-532,-1750,2297,-831
-1889,688,-3025,508,-4158,-795,-1874,2347,-735
-1889,688,-3025,471,-4195,-946,-1964,2394,-643
-1889,688,-3025,377,-4300,-1074,-2058,2439,-550
-1889,688,-3025,282,-4314,-1383,-2101,2474,-460
-1889,688,-3025,241,-4339,-1600,-2137,2490,-359
-1889,688,-3025,246,-4408,-2021,-2179,2511,-247
-1889,688,-3025,197,-4413,-2373,-2219,2514,-114
-1931,965,-4210,56,-4384,-2706,-2249,2516,46
-1931,965,-4210,30,-4318,-2946,-2325,2495,183
-1931,965,-4210,-156,-4166,-3181,-2411,2467,332
-1931,965,-4210,-168,-4006,-3589,-2600,2468,465
-1931,965,-4210,-227,-3859,-3937,-2758,2438,614
-1931,965,-4210,-285,-3782,-4201,-2955,2391,768
-1931,965,-4210,-254,-3661,-4702,-3135,2330,931
-1931,965,-4210,-181,-3444,-5204,-3327,2235,1074
-1931,965,-4210,-49,-3170,-5563,-3542,2130,1214
-1927,621,-5638,28,-2605,-5575,-3723,2018,1338
-1927,621,-5638,93,-2130,-5576,-3891,1894,1434
-1927,621,-5638,47,-1909,-5437,-4045,1789,1495
-1927,621,-5638,-66,-1886,-5252,-4165,1686,1555
-1927,621,-5638,-19,-2055,-5431,-4244,1594,1622
-1927,621,-5638,53,-2153,-5542,-4269,1480,1684
-1927,621,-5638,128,-1826,-5549,-4292,1360,1749
-1927,621,-5638,-152,-1560,-4914,-4246,1258,1820
-1927,621,-5638,-277,-1135,-4840,-4238,1201,1895
-1858,-813,-6769,-322,-800,-4745,-4187,1136,1946
-1858,-813,-6769,-309,-1185,-5274,-4185,1065,1997
-1858,-813,-6769,-174,-1382,-5069,-4166,956,2078
-1858,-813,-6769,-31,-895,-5365,-4167,865,2141
-1858,-813,-6769,-25,-105,-5215,-4173,758,2182
-1858,-813,-6769,-24,704,-5139,-4149,673,2196
-1858,-813,-6769,238,1378,-5195,-4129,597,2157
-1858,-813,-6769,294,1680,-5328,-4084,507,2100
-1858,-813,-6769,323,1756,-5407,-3997,442,2040
-1542,-2569,-6880,447,2020,-5454,-3928,379,1979
-1542,-2569,-6880,405,2376,-5386,-3909,321,1889
-1542,-2569,-6880,357,2694,-5367,-3876,261,1800
-1542,-2569,-6880,338,2892,-5478,-3876,206,1707
-1542,-2569,-6880,227,2773,-5733,-3866,127,1620
-1542,-2569,-6880,112,2442,-5804,-3813,43,1573
-1542,-2569,-6880,-135,2167,-5992,-3738,-67,1587
-1542,-2569,-6880,-159,2003,-6124,-3638,-194,1594
-1542,-2569,-6880,14,2178,-6330,-3604,-314,1625
-1108,-3949,-6124,246,2570,-6373,-3624,-478,1629
-1108,-3949,-6124,440,2838,-6272,-3694,-618,1602
-1108,-3949,-6124,521,3141,-6108,-3779,-730,1567
-1108,-3949,-6124,499,3087,-5875,-3800,-878,1543
-1108,-3949,-6124,579,3037,-5636,-3785,-982,1541
-1108,-3949,-6124,566,3226,-5282,-3802,-1102,1511
-1108,-3949,-6124,523,3397,-5001,-3773,-1212,1486
-1108,-3949,-6124,720,3444,-4770,-3768,-1324,1429
-1108,-3949,-6124,995,3643,-4751,-3740,-1443,1381
-613,-4622,-4777,1071,3800,-4511,-3656,-1557,1316
-613,-4622,-4777,1230,4106,-4134,-3541,-1671,1228
-613,-4622,-4777,1342,4400,-3819,-3445,-1764,1127
-613,-4622,-4777,1452,4796,-3482,-3341,-1844,1039
-613,-4622,-4777,1542,5138,-3309,-3201,-1931,908
-613,-4622,-4777,1806,5278,-3164,-3091,-2017,764
-613,-4622,-4777,2004,5546,-2968,-2960,-2064,608
-613,-4622,-4777,2093,5741,-2643,-2850,-2123,413
-613,-4622,-4777,1949,5861,-2028,-2721,-2155,233
-218,-4610,-3510,2023,5789,-1929,-2581,-2190,38
-218,-4610,-3510,1923,5871,-1841,-2488,-2201,-131
-218,-4610,-3510,1950,5746,-1748,-2336,-2210,-322
-218,-4610,-3510,2092,5884,-1697,-2206,-2228,-511
-218,-4610,-3510,2205,5779,-1565,-2095,-2246,-698
-218,-4610,-3510,2309,5927,-1423,-1946,-2276,-905
-218,-4610,-3510,2297,5807,-900,-1819,-2295,-1107
-218,-4610,-3510,2233,5751,-516,-1648,-2286,-1264
-218,-4610,-3510,2163,5639,-158,-1513,-2271,-1451
-91,-4258,-2778,2169,5463,-21,-1348,-2241,-1615
-91,-4258,-2778,2247,5133,165,-1213,-2229,-1770
-91,-4258,-2778,2378,5350,229,-1124,-2188,-1932
-91,-4258,-2778,2474,5344,395,-1043,-2125,-2078
-91,-4258,-2778,2462,5184,846,-986,-2065,-2228
-91,-4258,-2778,2401,5059,1104,-957,-1982,-2362
-91,-4258,-2778,2307,4875,1447,-858,-1883,-2494
-91,-4258,-2778,2267,4719,1575,-738,-1822,-2614
-91,-4258,-2778,2259,4607,1664,-623,-1728,-2729
-329,-4039,-2445,2260,4456,1774,-483,-1655,-2858
-329,-4039,-2445,2173,4285,1906,-344,-1611,-2978
-329,-4039,-2445,2109,3875,2030,-219,-1539,-3081
-329,-4039,-2445,2077,4017,2250,-104,-1481,-3183
-329,-4039,-2445,2030,3892,2359,69,-1422,-3284
-329,-4039,-2445,2037,3802,2541,242,-1374,-3386
-329,-4039,-2445,2287,3793,2492,418,-1333,-3484
-329,-4039,-2445,2044,3710,2486,594,-1305,-3585
-329,-4039,-2445,2010,3592,2383,749,-1283,-3669
-914,-3900,-2353,2014,3486,2414,877,-1255,-3759
-914,-3900,-2353,2019,3319,2418,994,-1255,-3841
-914,-3900,-2353,2039,3281,2348,1104,-1253,-3944
-914,-3900,-2353,2112,3248,2378,1207,-1262,-4036
-914,-3900,-2353,2185,3215,2394,1324,-1273,-4125
-914,-3900,-2353,2252,3151,2343,1399,-1279,-4225
-914,-3900,-2353,2072,2948,2366,1420,-1293,-4323
-914,-3900,-2353,2332,2818,2584,1434,-1294,-4421
-914,-3900,-2353,2357,2637,2687,1452,-1291,-4508
-1715,-3633,-2483,2314,2370,2836,1455,-1275,-4553
-1715,-3633,-2483,2303,2097,3167,1489,-1254,-4629
-1715,-3633,-2483,2327,1825,3409,1568,-1219,-4699
-1715,-3633,-2483,2302,1606,3702,1668,-1186,-4752
-1715,-3633,-2483,2239,1399,3754,1706,-1156,-4810
-1715,-3633,-2483,2165,1181,3935,1782,-1094,-4847
-1715,-3633,-2483,2173,871,4116,1817,-1038,-4885
-1715,-3633,-2483,2040,358,4415,1848,-957,-4919
-1715,-3633,-2483,1986,273,4549,1978,-760,-4908
-1715,-3633,-2483,1776,-223,4689,2014,-759,-4946
-2462,-2902,-2554,1802,-411,4719,2063,-643,-4949
-2462,-2902,-2554,1925,-735,4663,2022,-515,-4938
-2462,-2902,-2554,1831,-1030,4722,2004,-399,-4936
-2462,-2902,-2554,2024,-1523,4925,1975,-291,-4932
-2462,-2902,-2554,1754,-1880,5081,1938,-188,-4926
-2462,-2902,-2554,1556,-2341,5064,1916,-24,-4879
-2462,-2902,-2554,1782,-2646,5245,1925,92,-4845
-2462,-2902,-2554,1832,-2994,5226,1893,243,-4790
-2462,-2902,-2554,1817,-3347,5212,1886,387,-4752
-2868,-1845,-2684,1869,-3673,5129,1857,533,-4676
-2868,-1845,-2684,1899,-4085,4871,1783,675,-4616
-2868,-1845,-2684,1944,-4298,4652,1693,817,-4555
-2868,-1845,-2684,1912,-4474,4431,1624,937,-4477
-2868,-1845,-2684,1935,-4705,4197,1566,1028,-4414
-2868,-1845,-2684,1952,-4978,4135,1495,1118,-4342
-2868,-1845,-2684,2001,-5184,3841,1415,1210,-4265
-2868,-1845,-2684,2018,-5313,3838,1329,1315,-4184
-2868,-1845,-2684,2017,-5425,3871,1249,1433,-4088
-2865,-730,-2906,2077,-5511,3733,1215,1550,-3993
-2865,-730,-2906,2088,-5634,3680,1177,1639,-3912
-2865,-730,-2906,2166,-5726,3502,1152,1711,-3810
-2865,-730,-2906,2244,-5838,3387,1082,1809,-3693
-2865,-730,-2906,2273,-5836,3150,1027,1902,-3577
-2865,-730,-2906,2191,-5805,3110,930,2015,-3479
-2865,-730,-2906,2190,-5856,2899,788,2092,-3378
-2865,-730,-2906,2252,-5840,2523,610,2200,-3242
-2865,-730,-2906,2220,-5880,2161,458,2542,-3080
-2485,271,-3386,2164,-5838,1871,304,2379,-2938
-2485,271,-3386,2133,-5887,1448,112,2434,-2795
-2485,271,-3386,2005,-5919,820,-134,2499,-2622
-2485,271,-3386,1893,-5829,873,-380,2563,-2453
-2485,271,-3386,1710,-5728,793,-628,2631,-2274
-2485,271,-3386,1582,-5690,669,-868,2702,-2096
-2485,271,-3386,1517,-5679,338,-1065,2775,-1892
-2485,271,-3386,1540,-5679,177,-1242,2831,-1701
-2485,271,-3386,1788,-5868,-123,-1384,2868,-1494
-2000,885,-4244,1555,-5949,-301,-1485,2884,-1030
-2000,885,-4244,1497,-5899,-394,-1591,2922,-1059
-2000,885,-4244,1439,-5743,-534,-1667,2969,-799
-2000,885,-4244,1458,-5553,-830,-1780,3011,-573
-2000,885,-4244,1383,-5415,-783,-1897,3036,-347
-2000,885,-4244,1428,-5250,-1447,-2085,3057,-102
-2000,885,-4244,1340,-5045,-1769,-2235,3069,119
-2000,885,-4244,1388,-4680,-1895,-2432,3069,365
-2000,885,-4244,1339,-4787,-2232,-2652,3049,595
-1647,827,-5545,1237,-4618,-2317,-2889,3042,818
-1647,827,-5545,1065,-4319,-2438,-3138,3033,1273
-1647,827,-5545,1324,-3946,-2467,-3328,3012,1216
-1647,827,-5545,1415,-3627,-2510,-3547,2997,1437
-1647,827,-5545,1488,-3286,-2550,-3744,2977,1602
-1647,827,-5545,1480,-3122,-2544,-3942,2947,1744
-1647,827,-5545,1224,-2828,-3524,-4158,2818,1897
-1647,827,-5545,1413,-3441,-2875,-4254,2792,2045
-1647,827,-5545,1411,-1811,-2503,-4314,2793,2113
-1273,-315,-6962,1398,-2046,-3611,-4323,2663,2226
-1273,-315,-6962,1477,-1514,-3123,-4352,2557,2305
-1273,-315,-6962,1465,-1294,-3262,-4410,2461,2375
-1273,-315,-6962,1299,-935,-3339,-4472,2368,2437
-1273,-315,-6962,1402,-620,-3546,-4547,2271,2492
-1273,-315,-6962,1659,-723,-3430,-4600,2135,2804
-1273,-315,-6962,1811,-67,-3877,-4681,2041,2607
-1273,-315,-6962,1880,130,-4076,-4722,1937,2694
-1273,-315,-6962,1799,455,-4156,-4809,1828,2712
-473,-2201,-7368,1750,934,-4264,-4851,1697,2730
-473,-2201,-7368,1742,1054,-4443,-4916,1589,2741
-473,-2201,-7368,1761,1111,-4682,-4922,1440,2750
-473,-2201,-7368,1729,1029,-5008,-4974,1291,2772
-473,-2201,-7368,1614,1157,-4891,-5011,1115,2781
-473,-2201,-7368,1441,1502,-4816,-5035,949,2792
-473,-2201,-7368,1428,1620,-4628,-5055,799,2805
-473,-2201,-7368,1710,1626,-4687,-5056,635,2825
-473,-2201,-7368,1932,1748,-4606,-5016,486,2838
551,-3792,-6371,2027,1745,-4399,-5005,346,2871
551,-3792,-6371,2090,1990,-4085,-4984,222,2908
551,-3792,-6371,2092,2442,-3699,-4968,104,2936
551,-3792,-6371,2150,2978,-3341,-4982,0,2905
551,-3792,-6371,2389,3811,-3151,-5020,-95,2880
551,-3792,-6371,2701,4035,-3014,-5021,-181,2838
551,-3792,-6371,2880,4320,-2710,-4976,-265,2763
551,-3792,-6371,3228,4568,-2816,-4942,-342,2690
551,-3792,-6371,3405,4779,-2672,-4912,-415,2611
1545,-4172,-4747,3109,5275,-2072,-4895,-499,2502
1545,-4172,-4747,3346,5612,-1996,-4914,-557,2393
1545,-4172,-4747,3360,5792,-1689,-4930,-626,2271
1545,-4172,-4747,3658,5800,-2150,-4882,-730,2138
1545,-4172,-4747,3850,5678,-2092,-4813,-859,1988
1545,-4172,-4747,4065,5859,-2069,-4680,-982,1799
1545,-4172,-4747,4048,5922,-1874,-4554,-1121,1610
1545,-4172,-4747,3933,5953,-1486,-4410,-1236,1414
1545,-4172,-4747,3909,5851,-1267,-4314,-1315,1202
2250,-3533,-3630,3924,5852,-1199,-4236,-1422,1013
2250,-3533,-3630,4279,5743,-1113,-4152,-1537,806
2250,-3533,-3630,4270,5876,-1205,-4031,-1621,566
2250,-3533,-3630,4226,5548,-944,-3860,-1706,360
2250,-3533,-3630,4258,5484,-694,-3603,-1787,166
2250,-3533,-3630,4427,5801,-351,-3403,-1831,-48
2250,-3533,-3630,4474,5745,-4,-3233,-1837,-255
2250,-3533,-3630,4729,5712,-103,-3102,-1971,-445
2250,-3533,-3630,4660,5560,215,-2970,-1938,-641
2571,-3003,-3302,4769,5311,559,-2868,-1911,-827
2571,-3003,-3302,4583,5005,720,-2733,-1879,-985
2571,-3003,-3302,4540,5218,889,-2588,-1848,-1177
2571,-3003,-3302,4637,5225,1080,-2444,-1786,-1360
2571,-3003,-3302,4452,5192,1433,-2274,-1737,-1524
2571,-3003,-3302,4369,5171,1626,-2090,-1669,-1689
2571,-3003,-3302,4247,5137,1759,-1891,-1605,-1858
2571,-3003,-3302,4139,5009,1842,-1736,-1497,-1978
2571,-3003,-3302,3964,4760,1804,-1600,-1435,-2118
2501,-3169,-3449,3808,4594,2015,-1477,-1360,-2225
2501,-3169,-3449,3734,4456,1629,-1344,-1286,-2322
2501,-3169,-3449,3663,4473,1569,-1193,-1243,-2408
2501,-3169,-3449,3590,4492,1404,-1069,-1203,-2502
2501,-3169,-3449,3516,4484,1395,-937,-1182,-2595
2501,-3169,-3449,3663,4623,1218,-792,-1193,-2701
2501,-3169,-3449,3825,4507,1155,-688,-1220,-2828
2501,-3169,-3449,3842,4655,938,-610,-1227,-2947
2501,-3169,-3449,3800,4587,1218,-512,-1232,-3061
2001,-3831,-3504,4084,4651,1504,-442,-1231,-3187
2001,-3831,-3504,3862,4574,1620,-389,-1219,-3316
2001,-3831,-3504,3650,4631,1896,-319,-1164,-3445
2001,-3831,-3504,3807,4395,2041,-198,-1141,-3562
2001,-3831,-3504,3784,4322,2009,-143,-1100,-3667
2001,-3831,-3504,3736,4116,1772,-72,-1056,-3752
2001,-3831,-3504,3724,4026,1959,-14,-1021,-3858
2001,-3831,-3504,3555,3943,1943,6,-949,-3923
2001,-3831,-3504,3673,3839,2097,65,-919,-4002
907,-4484,-3635,3802,3644,2026,115,-852,-4059
907,-4484,-3635,3613,3659,1885,199,-859,-4162
907,-4484,-3635,3652,3430,2234,279,-803,-4234
907,-4484,-3635,3609,3391,2266,359,-773,-4329
907,-4484,-3635,3754,3098,2545,467,-767,-4416
907,-4484,-3635,3630,3093,2488,571,-753,-4513
907,-4484,-3635,3513,2912,2812,717,-752,-4580
907,-4484,-3635,3522,2906,2892,881,-743,-4667
907,-4484,-3635,3551,2763,3150,1011,-738,-4759
907,-4484,-3817,3519,2759,3249,1173,-758,-4814
-754,-4624,-3817,3754,2674,3430,1316,-759,-4892
-754,-4624,-3817,3613,2483,3781,1451,-763,-4980
-754,-4624,-3817,3586,2216,3891,1557,-739,-5066
-754,-4624,-3817,3761,2015,4332,1625,-702,-5170
-754,-4624,-3817,3723,1553,4372,1693,-688,-5272
-754,-4624,-3817,3670,1564,4202,1757,-652,-5371
-754,-4624,-3817,3767,1207,4900,1840,-620,-5446
-754,-4624,-3817,3879,860,4684,1922,-559,-5517
-754,-4624,-3817,4318,343,5082,1966,-502,-5562
-2470,-3834,-4193,3936,109,4927,2040,-448,-5607
-2470,-3834,-4193,3758,-328,4912,2058,-402,-5636
-2470,-3834,-4193,3877,-747,5231,2035,-309,-5645
-2470,-3834,-4193,3791,-1081,5093,1984,-197,-5638
-2470,-3834,-4193,3518,-1545,4927,1938,-67,-5617
-2470,-3834,-4193,3567,-2110,5318,1892,62,-5573
-2470,-3834,-4193,3551,-2457,5470,1825,197,-5517
-2470,-3834,-4193,3422,-2770,5417,1726,355,-5443
-2470,-3834,-4193,3372,-3008,5203,1659,501,-5340
-3354,-1925,-4387,3330,-3356,5143,1597,651,-5259
-3354,-1925,-4387,3286,-3850,4624,1512,830,-5142
-3354,-1925,-4387,3164,-4244,4616,1420,994,-5021
-3354,-1925,-4387,3044,-4840,4442,1307,1135,-4888
-3354,-1925,-4387,2886,-4778,4109,1201,1268,-4738
-3354,-1925,-4387,2661,-4941,3912,1130,1404,-4577
-3354,-1925,-4387,2463,-5089,3567,1075,1509,-4400
-3354,-1925,-4387,2240,-5347,3290,1025,1605,-4240
-3354,-1925,-4387,2021,-5395,3048,948,1706,-4054
-2883,-116,-4781,1994,-5552,2814,832,1792,-3594
-2883,-116,-4781,1146,-4552,3427,864,2006,-3714
-2883,-116,-4781,2176,-5962,1110,558,1927,-3492
-2883,-116,-4781,1829,-5369,2598,518,2104,-3326
-2883,-116,-4781,1590,-4798,1949,346,2223,-3160
-2883,-116,-4781,1796,-5108,1441,77,2344,-2992
-2883,-116,-4781,1768,-5056,1329,-155,2426,-2857
-2883,-116,-4781,1823,-5087,1013,-370,2527,-2728
-2883,-116,-4781,1866,-4930,753,-533,2586,-2624
-1798,856,-5328,1797,-4901,320,-704,2653,-2507
-1798,856,-5328,1843,-5040,113,-829,2722,-2397
-1798,856,-5328,2012,-5195,-86,-947,2769,-2302
-1798,856,-5328,1647,-5196,-714,-1044,2839,-2183
-1798,856,-5328,1655,-5326,-860,-1126,2830,-2051
-1798,856,-5328,1556,-5748,-1390,-1130,2845,-1874
-1798,856,-5328,1439,-5971,-1345,-1109,2856,-1689
-1798,856,-5328,1430,-5830,-1312,-1070,2892,-1528
-1798,856,-5328,1276,-6270,-1472,-1130,2857,-1316
-595,1052,-6106,1237,-6527,-1514,-1295,2869,-1077
-595,1052,-6106,1159,-6587,-1944,-1464,2940,-854
-595,1052,-6106,961,-6751,-2220,-1604,2948,-606
-595,1052,-6106,938,-6754,-2258,-1681,2947,-347
-595,1052,-6106,605,-6791,-2400,-1813,2921,-91
-595,1052,-6106,625,-6608,-2417,-2036,2934,184
-595,1052,-6106,321,-6013,-3245,-2362,2943,452
-595,1052,-6106,357,-5941,-3360,-2711,2932,710
-595,1052,-6106,323,-5227,-4048,-3074,2910,982
328,585,-6711,260,-4700,-4594,-3433,2840,1216
328,585,-6711,315,-4081,-4892,-3736,2728,1430
328,585,-6711,298,-3396,-5196,-4021,2595,1669
328,585,-6711,359,-3017,-5640,-4307,2430,1798
328,585,-6711,460,-2499,-6003,-4545,2241,1908
328,585,-6711,504,-1991,-6078,-4748,2024,1977
328,585,-6711,490,-1727,-6165,-4914,1809,2040
328,585,-6711,364,-1563,-6009,-4992,1584,2067
328,585,-6711,173,-1847,-5631,-5113,1384,2119
817,-767,-7301,112,-2275,-5700,-5189,1161,2183
817,-767,-7301,20,-2814,-5796,-5208,1008,2279
817,-767,-7301,86,-2800,-5936,-5203,805,2356
817,-767,-7301,151,-2691,-6073,-5165,590,2457
817,-767,-7301,301,-2697,-5957,-5108,300,2808
817,-767,-7301,774,-2110,-6572,-5029,205,2706
817,-767,-7301,814,-2714,-5744,-5002,-41,2807
817,-767,-7301,907,-2105,-6053,-4964,-16,2930
817,-767,-7301,944,-2970,-5701,-4943,-442,3037
1061,-2355,-7180,901,-2053,-5213,-4951,-631,3127
1061,-2355,-7180,1246,-1604,-5313,-4902,-801,3201
1061,-2355,-7180,1421,-1303,-5098,-4797,-996,3250
1061,-2355,-7180,1609,-953,-4669,-4652,-1137,3274
1061,-2355,-7180,1827,-665,-4625,-4504,-1287,3291
1061,-2355,-7180,1978,-463,-4509,-4290,-1426,3299
1061,-2355,-7180,1963,307,-4280,-4107,-1552,3298
1061,-2355,-7180,2099,741,-3815,-3951,-1658,3272
1061,-2355,-7180,2050,1476,-3589,-3834,-1755,3258
1301,-3319,-6512,2287,2011,-3434,-3755,-1824,3204
1301,-3319,-6512,2588,2524,-3351,-3655,-1899,3148
1301,-3319,-6512,2761,2959,-3108,-3526,-1979,3070
1301,-3319,-6512,2827,3547,-2806,-3362,-2038,2946
1301,-3319,-6512,2841,3899,-2547,-3175,-2070,2825
1301,-3319,-6512,2875,4245,-2371,-3049,-2112,2688
1301,-3319,-6512,2801,4587,-2193,-2955,-2150,2542
1301,-3319,-6512,3448,4526,-1221,-2917,-2241,2379
1301,-3319,-6512,3101,5276,-1033,-2879,-2205,2231
1462,-3635,-6040,3536,5702,-1659,-2843,-2251,2045
1462,-3635,-6040,3586,5994,-1079,-2873,-2134,1821
1462,-3635,-6040,3295,6639,-1033,-2839,-2295,1639
1462,-3635,-6040,3283,6797,-1355,-2889,-2265,1441
1462,-3635,-6040,2884,6774,-2275,-2835,-2282,1203
1462,-3635,-6040,3370,7118,-108,-2607,-2212,1045
1462,-3635,-6040,3270,7036,-410,-3063,-2226,781
1462,-3635,-6040,3323,7095,-238,-2760,-2170,544
1462,-3635,-6040,3167,6940,239,-2656,-2134,310
1477,-3963,-5640,3146,7051,278,-2509,-2082,99
1477,-3963,-5640,3177,7033,420,-2367,-2063,-123
1477,-3963,-5640,3133,6961,580,-2241,-2032,-334
1477,-3963,-5640,3066,6876,650,-2122,-2004,-568
1477,-3963,-5640,3143,6679,919,-2033,-1970,-516
1477,-3963,-5640,3125,6621,907,-1938,-1911,-972
1477,-3963,-5640,3072,6568,942,-1794,-1877,-1176
1477,-3963,-5640,3107,6539,1092,-1670,-1815,-1356
1477,-3963,-5640,3063,6467,894,-1560,-1757,-1534
947,-4383,-5199,3037,6393,902,-1438,-1704,-1709
947,-4383,-5199,3030,6129,882,-1320,-1663,-1876
947,-4383,-5199,2876,5946,636,-1205,-1631,-2033
947,-4383,-5199,2913,5812,427,-1093,-1606,-2197
947,-4383,-5199,2888,5648,198,-1081,-1593,-2325
947,-4383,-5199,2925,5401,197,-1079,-1577,-2433
947,-4383,-5199,2929,5241,186,-1058,-1567,-2554
947,-4383,-5199,2861,5203,271,-1025,-1552,-2660
947,-4383,-5199,2865,5017,425,-963,-1551,-2752
-106,-4671,-4847,2781,4831,525,-920,-1541,-2840
-106,-4671,-4847,2633,4425,532,-869,-1527,-2912
-106,-4671,-4847,2683,4449,699,-818,-1523,-3001
-106,-4671,-4847,2582,4246,855,-1011,-1508,-3088
-106,-4671,-4847,2598,4270,1093,-704,-1488,-3157
-106,-4671,-4847,2542,4223,1344,-668,-1452,-3215
-106,-4671,-4847,2479,4083,1558,-609,-1418,-3283
-106,-4671,-4847,2379,4011,1536,-582,-1363,-3086
-106,-4671,-4847,2412,3800,1651,-549,-1309,-3404
-106,-4671,-4847,2374,3726,1856,-572,-1266,-3449
-1419,-4495,-4481,2275,3577,1991,-580,-1182,-3513
-1419,-4495,-4481,2235,3509,2092,-562,-1141,-3572
-1419,-4495,-4481,2175,3299,2130,-536,-1082,-3630
-1419,-4495,-4481,2100,3126,2156,-500,-1018,-3706
-1419,-4495,-4481,2020,2922,2252,-476,-966,-3771
-1419,-4495,-4481,1955,2711,2196,-402,-919,-3850
-1419,-4495,-4481,1858,2594,2392,-307,-890,-3913
-1419,-4495,-4481,1838,2520,2450,-187,-852,-3965
-1419,-4495,-4481,1811,2421,2499,-73,-831,-4032
-2542,-3720,-4097,1780,2048,2654,50,-815,-4072
-2542,-3720,-4097,1847,2193,2958,142,-800,-4123
-2542,-3720,-4097,1731,1967,2892,220,-788,-4188
-2542,-3720,-4097,1776,1866,2703,261,-771,-4243
-2542,-3720,-4097,1726,1621,2745,268,-753,-4279
-2542,-3720,-4097,1880,1504,2852,253,-714,-4317
-2542,-3720,-4097,2040,1106,3148,238,-683,-4363
-2542,-3720,-4097,1841,935,3053,210,-638,-4393
-2542,-3720,-4097,1850,528,3228,220,-562,-4414
-3270,-2334,-3847,1870,154,3470,216,-504,-4438
-3270,-2334,-3847,1799,-325,3639,220,-432,-4450
-3270,-2334,-3847,1773,-719,3879,229,-312,-4428
-3270,-2334,-3847,1742,-1104,3891,266,-241,-4415
-3270,-2334,-3847,1770,-1362,4037,279,-121,-4388
-3270,-2334,-3847,1649,-2025,4170,336,-9,-4350
-3270,-2334,-3847,1616,-2238,4136,376,96,-4300
-3270,-2334,-3847,1516,-2642,4037,429,211,-4235
-3270,-2334,-3847,1464,-2979,4120,497,306,-4150
-3185,-718,-3841,1330,-3002,4091,523,418,-4057
-3185,-718,-3841,1154,-3065,4260,554,504,-3962
-3185,-718,-3841,1276,-3152,4238,560,603,-3854
-3185,-718,-3841,927,-3158,4233,559,706,-3753
-3185,-718,-3841,1071,-3165,4178,504,815,-3652
-3185,-718,-3841,980,-3164,4119,461,912,-3550
-3185,-718,-3841,1084,-3278,4102,418,1011,-3471
-3185,-718,-3841,963,-3273,4027,364,1105,-3374
-3185,-718,-3841,992,-3380,4069,318,1200,-3290
-2453,524,-4013,941,-3307,3889,286,1286,-3198
-2453,524,-4013,971,-3339,3817,284,1368,-3104
-2453,524,-4013,940,-3390,3797,260,1464,-3012
-2453,524,-4013,971,-3451,3596,247,1546,-2929
-2453,524,-4013,1084,-3840,3573,221,1627,-2846
-2453,524,-4013,986,-3456,3357,163,1716,-2770
-2453,524,-4013,956,-3482,3132,32,1812,-2675
-2453,524,-4013,907,-3628,2729,-100,1889,-2584
-2453,524,-4013,770,-3656,2485,-292,1959,-2476
-1572,1215,-4396,673,-3707,1901,-455,2039,-2316
-1572,1215,-4396,559,-3677,1786,-701,2070,-2248
-1572,1215,-4396,394,-3682,1575,-944,2116,-2106
-1572,1215,-4396,245,-3801,1469,-1193,2171,-1949
-1572,1215,-4396,310,-4142,1192,-1410,2235,-1779
-1572,1215,-4396,188,-4528,1082,-1615,2051,-1621
-1572,1215,-4396,427,-4843,1262,-1823,2396,-1394
-1572,1215,-4396,19,-4363,-563,-1948,2394,-1224
-1572,1215,-4396,1395,-6307,1057,-1936,2564,-1081
-787,1424,-5197,351,-4705,656,-2022,2570,-884
-787,1424,-5197,232,-4828,-272,-2013,2591,-695
-787,1424,-5197,517,-4829,-122,-1971,2617,-497
-787,1424,-5197,373,-4717,-602,-1958,2628,-305
-787,1424,-5197,427,-4405,-741,-1951,2640,-139
-787,1424,-5197,335,-4339,-914,-1953,2642,49
-787,1424,-5197,256,-4128,-935,-1951,2657,206
-787,1424,-5197,304,-3944,-1338,-2031,2679,373
-787,1424,-5197,496,-3828,-1868,-2111,2714,564
-223,1174,-6120,523,-3583,-2199,-2245,2726,709
-223,1174,-6120,710,-3286,-2690,-2361,2743,847
-223,1174,-6120,561,-3023,-2786,-2495,2705,981
-223,1174,-6120,361,-2837,-3258,-2772,2705,1127
-223,1174,-6120,462,-2512,-2709,-2938,2707,1235
-223,1174,-6120,729,-2824,-3069,-3225,2699,1378
-223,1174,-6120,713,-2444,-3387,-3511,2712,1505
-223,1174,-6120,730,-2132,-3489,-3823,2714,1644
-223,1174,-6120,695,-1859,-3814,-4124,2696,1795
217,339,-6912,566,-1624,-4119,-4371,2636,1913
217,339,-6912,357,-1445,-4413,-4603,2539,2301
217,339,-6912,476,-1134,-4861,-4757,2404,2214
217,339,-6912,553,-1029,-5243,-4906,2231,2312
217,339,-6912,652,-908,-5516,-5038,2019,2417
217,339,-6912,674,-682,-5734,-5155,1805,2506
217,339,-6912,507,-559,-5643,-5221,1575,2590
217,339,-6912,319,-373,-5412,-5274,1348,2656
217,339,-6912,346,-340,-5544,-5262,1106,2706
721,-1289,-7410,472,178,-5272,-5322,876,2709
721,-1289,-7410,359,507,-5338,-5326,642,2711
721,-1289,-7410,599,811,-5602,-5325,397,2703
721,-1289,-7410,492,782,-5512,-5307,183,2665
721,-1289,-7410,106,738,-5061,-5244,-2,2642
721,-1289,-7410,17,585,-4939,-5137,-201,2655
721,-1289,-7410,86,800,-4853,-5055,-362,2678
721,-1289,-7410,75,925,-4573,-4935,-512,2712
721,-1289,-7410,185,802,-4550,-4765,-676,2747
966,-2895,-6916,516,1038,-4617,-4537,-832,2793
966,-2895,-6916,803,1403,-4498,-4287,-995,2826
966,-2895,-6916,1335,1895,-4716,-4053,-1158,2836
966,-2895,-6916,1808,2486,-4837,-3811,-1319,2811
966,-2895,-6916,2189,3053,-4816,-3607,-1489,2774
966,-2895,-6916,2505,3467,-4700,-3422,-1643,2713
966,-2895,-6916,2727,3813,-4318,-3188,-1769,2654
966,-2895,-6916,2401,4291,-3847,-2959,-1891,2592
966,-2895,-6916,2301,4955,-3368,-2749,-1980,2530
1212,-3588,-6319,2349,5649,-2947,-2646,-2065,2429
1212,-3588,-6319,2651,6193,-2957,-2675,-2115,2291
1212,-3588,-6319,2720,6122,-2786,-2707,-2143,2110
1212,-3588,-6319,2848,6674,-3580,-2850,-2085,1962
1212,-3588,-6319,2395,6789,-2748,-2881,-2192,1875
1212,-3588,-6319,3224,6374,-2135,-2833,-2099,1760
1212,-3588,-6319,2528,6628,-2125,-2863,-2223,1584
1212,-3588,-6319,2880,6828,-1889,-2912,-2304,1417
1212,-3588,-6319,3071,6885,-1671,-2981,-2332,1231
1271,-3888,-5852,3184,6866,-1256,-2980,-2355,1051
1271,-3888,-5852,3088,6860,-794,-3010,-2367,851
1271,-3888,-5852,3170,6756,-350,-2972,-2368,638
1271,-3888,-5852,3121,6765,111,-2972,-2366,431
1271,-3888,-5852,3180,6683,499,-2940,-2343,245
1271,-3888,-5852,3130,6596,1086,-2889,-2298,49
1271,-3888,-5852,3090,6502,1529,-2806,-2227,-143
1271,-3888,-5852,3091,6433,2067,-2743,-2140,-357
1271,-3888,-5852,2918,6304,2119,-2643,-2042,-541
1271,-3888,-5852,2892,5952,2477,-2525,-1958,-714
1061,-4357,-5223,2978,5438,2327,-2356,-1874,-919
1061,-4357,-5223,2873,5671,2665,-2178,-1765,-1064
1061,-4357,-5223,2871,5515,2583,-2007,-1688,-1199
1061,-4357,-5223,2744,5328,2660,-1835,-1612,-1334
1061,-4357,-5223,2630,5060,2644,-1667,-1531,-1448
1061,-4357,-5223,2522,4752,2602,-1288,-1450,-1570
1061,-4357,-5223,2391,4531,2450,-1424,-1379,-1664
1061,-4357,-5223,2300,4373,2195,-1307,-1315,-1744
1061,-4357,-5223,2206,4129,1889,-1199,-1272,-1825
384,-4610,-4727,2179,4089,1457,-1097,-1244,-1901
384,-4610,-4727,2170,3940,1077,-1017,-1235,-1971
384,-4610,-4727,2074,3858,801,-943,-1245,-2044
384,-4610,-4727,2122,3818,497,-904,-1267,-2107
384,-4610,-4727,2137,3817,193,-822,-1301,-2160
384,-4610,-4727,2140,3850,-180,-741,-1357,-2230
384,-4610,-4727,2262,3970,-90,-715,-1401,-2312
384,-4610,-4727,2348,4048,-192,-692,-1444,-2405
384,-4610,-4727,2388,4104,18,-676,-1487,-2505
-473,-4704,-4374,2468,4160,25,-687,-1520,-2603
-473,-4704,-4374,2576,4171,29,-672,-1551,-2702
-473,-4704,-4374,2684,4158,162,-687,-1573,-2804
-473,-4704,-4374,2735,4133,584,-733,-1599,-2895
-473,-4704,-4374,2830,4190,921,-760,-1592,-2975
-473,-4704,-4374,2874,4180,1263,-744,-1566,-3066
-473,-4704,-4374,2930,4074,1615,-722,-1299,-3149
-473,-4704,-4374,2958,3994,1899,-737,-1489,-3234
-473,-4704,-4374,3004,3902,2147,-761,-1416,-3333
-1558,-4427,-3901,3061,3801,2191,-1023,-1349,-3412
-1558,-4427,-3901,2941,3616,2358,-785,-1280,-3503
-1558,-4427,-3901,3155,3464,2608,-777,-1223,-3612
-1558,-4427,-3901,3112,3492,2700,-711,-1148,-3697
-1558,-4427,-3901,3028,3556,2738,-607,-1094,-3781
-1558,-4427,-3901,3172,3322,3170,-493,-1069,-3601
-1558,-4427,-3901,3134,3248,3127,-324,-1024,-3919
-1558,-4427,-3901,3048,3312,3327,-186,-994,-3981
-1558,-4427,-3901,3010,2954,3420,-117,-945,-4031
-2562,-3586,-3467,3184,2767,3570,-42,-885,-4064
-2562,-3586,-3467,2818,2638,3768,-17,-835,-4119
-2562,-3586,-3467,2784,2422,3916,59,-741,-4182
-2562,-3586,-3467,2877,2349,4005,113,-658,-4244
-2562,-3586,-3467,2775,2231,4117,153,-569,-4305
-2562,-3586,-3467,2803,2093,4306,170,-482,-4103
-2562,-3586,-3467,2873,1957,4353,206,-375,-4407
-2562,-3586,-3467,2799,1755,4672,202,-232,-4489
-2562,-3586,-3467,2794,1586,4864,230,-106,-4553
-3144,-2224,-3242,2863,1399,5152,287,64,-4646
-3144,-2224,-3242,2946,1048,5392,379,217,-4753
-3144,-2224,-3242,3086,816,5627,756,382,-4864
-3144,-2224,-3242,3228,453,5786,662,535,-4968
-3144,-2224,-3242,3516,94,5679,816,706,-5078
-3144,-2224,-3242,3624,-340,5676,988,859,-5179
-3144,-2224,-3242,3843,-791,5654,1133,1009,-5272
-3144,-2224,-3242,4006,-1252,5468,1290,1153,-5352
-3144,-2224,-3242,4243,-1583,5437,1443,1266,-5183
-3024,-463,-3453,4191,-1899,5418,1575,1408,-5451
-3024,-463,-3453,4626,-2640,5211,1653,1496,-5511
-3024,-463,-3453,4773,-3018,5083,1721,1601,-5581
-3024,-463,-3453,4929,-3379,4830,1730,1715,-5624
-3024,-463,-3453,4840,-3618,4468,1714,1830,-5627
-3024,-463,-3453,5081,-4385,4505,1716,1909,-5617
-3024,-463,-3453,5094,-4806,4392,1706,2018,-5592
-3024,-463,-3453,5178,-5146,4092,1690,2096,-5550
-3024,-463,-3453,5010,-5608,3812,1652,2191,-5452
-1856,983,-3649,5159,-5773,3464,1665,2268,-5336
-1856,983,-3649,4743,-6447,3769,1592,2256,-5245
-1856,983,-3649,4417,-6611,3316,1547,2326,-5096
-1856,983,-3649,4364,-6462,2931,1446,2391,-4958
-1856,983,-3649,3417,-5179,503,1334,2463,-4927
-1856,983,-3649,4237,-7327,2588,974,2375,-4696
-1856,983,-3649,4481,-7477,2139,897,2463,-4497
-1856,983,-3649,3911,-7067,2169,703,2549,-4275
-1856,983,-3649,3875,-7417,1445,481,2588,-4059
-279,1503,-3534,3648,-7558,1399,273,2627,-3842
-279,1503,-3534,3466,-7780,1148,45,2678,-3622
-279,1503,-3534,3550,-8014,846,-126,2712,-3377
-279,1503,-3534,3024,-8168,1394,-270,2797,-3151
-279,1503,-3534,2804,-8219,1416,-384,2899,-2874
-279,1503,-3534,2612,-8240,1249,-417,2979,-2604
-279,1503,-3534,2550,-8234,978,-477,3075,-2318
-279,1503,-3534,2453,-8099,612,-551,3143,-2054
-279,1503,-3534,2051,-8100,260,-568,3209,-1782
525,1501,-3529,2255,-8043,213,-556,3282,-1505
525,1501,-3529,1980,-7794,63,-604,3341,-1249
525,1501,-3529,2049,-7471,-50,-614,3403,-997
525,1501,-3529,1947,-7125,-64,-639,3457,-760
525,1501,-3529,1894,-6722,-229,-691,3487,-541
525,1501,-3529,1895,-6467,-506,-750,3541,-352
525,1501,-3529,1884,-6318,-807,-818,3831,-155
525,1501,-3529,1884,-6062,-972,-844,3839,12
525,1501,-3529,1768,-5824,-1478,-928,3607,199
355,1539,-3607,1804,-5666,-1509,-1029,3613,360
355,1539,-3607,1712,-5428,-1664,-1146,3609,530
355,1539,-3607,1583,-5289,-1722,-1280,3611,702
355,1539,-3607,1420,-5219,-1851,-1394,3583,880
355,1539,-3607,1312,-5227,-1938,-1526,3567,1084
355,1539,-3607,1238,-5208,-2286,-1714,3535,1290
355,1539,-3607,1122,-4908,-2552,-1938,3493,1524
355,1539,-3607,997,-4621,-2857,-2195,3433,1759
355,1539,-3607,925,-4255,-3046,-2427,3333,1972
-386,1564,-4310,849,-3973,-3326,-2672,3230,2191
-386,1564,-4310,815,-3681,-3529,-2919,3103,2434
-386,1564,-4310,775,-3375,-3768,-3189,2993,2633
-386,1564,-4310,761,-3111,-4103,-3445,2844,2819
-386,1564,-4310,778,-2890,-4497,-3702,2654,2995
-386,1564,-4310,631,-2523,-4706,-3956,2456,3166
-386,1564,-4310,758,-2026,-5112,-4140,2181,3288
-386,1564,-4310,936,-1311,-4761,-4262,1973,3372
-386,1564,-4310,928,-610,-5520,-4415,1732,3426
-1313,911,-5830,678,-256,-5393,-4541,1481,3452
-1313,911,-5830,267,-381,-5009,-4611,1314,3430
-1313,911,-5830,743,1057,-6001,-4658,1085,3375
-1313,911,-5830,303,941,-5785,-4632,857,3340
-1313,911,-5830,132,892,-5785,-4578,576,3255
-1313,911,-5830,-228,1290,-5648,-4469,295,3174
-1313,911,-5830,-612,1282,-5117,-4328,59,3081
-1313,911,-5830,-750,1936,-4851,-4224,-174,2975
-1313,911,-5830,-513,2239,-4844,-4125,-391,2870
-1313,-881,-6842,-288,2359,-4882,-4035,-585,2766
-1838,-935,-6842,166,2273,-4746,-3957,-739,2688
-1838,-935,-6842,338,1925,-4679,-3977,-883,2634
-1838,-935,-6842,354,1866,-4336,-3910,-987,2570
-1838,-935,-6842,331,1687,-4015,-3858,-1056,2547
-1838,-935,-6842,504,1872,-3728,-3753,-1104,2515
-1838,-935,-6842,637,1951,-3561,-3651,-1173,2501
-1838,-935,-6842,698,2252,-3324,-3533,-1205,2478
-1838,-935,-6842,677,2437,-3194,-3466,-1234,2444
-1838,-935,-6842,664,2538,-3162,-3335,-1242,2437
-2107,-2718,-6433,625,2775,-2864,-3278,-1245,2433
-2107,-2718,-6433,725,3116,-2797,-3248,-1238,2429
-2107,-2718,-6433,812,3530,-2810,-3220,-1266,2423
-2107,-2718,-6433,1030,3992,-2772,-3181,-1302,2388
-2107,-2718,-6433,1074,4340,-2850,-3154,-1351,2331
-2107,-2718,-6433,1128,4592,-2798,-3101,-1392,2272
-2107,-2718,-6433,1079,4847,-2825,-3059,-1500,2169
-2107,-2718,-6433,1149,5357,-2533,-2829,-1637,2033
-2107,-2718,-6433,1214,5465,-2693,-3015,-1652,1938
-1860,-3976,-5418,1347,5284,-3357,-2953,-1758,1829
-1860,-3976,-5418,1468,5296,-2997,-2830,-1865,1717
-1860,-3976,-5418,1769,6194,-1882,-2695,-2055,1569
-1860,-3976,-5418,2332,6206,-1790,-2591,-2156,1365
-1860,-3976,-5418,2035,6541,-1718,-2467,-2186,1139
-1860,-3976,-5418,1763,6479,-680,-2357,-2288,893
-1860,-3976,-5418,1571,6201,-184,-2228,-2340,684
-1860,-3976,-5418,1831,6579,-130,-2182,-2352,470
-1860,-3976,-5418,1793,6469,320,-2126,-2336,228
-1578,-4408,-4215,1612,6610,781,-2068,-2327,-18
-1578,-4408,-4215,1681,6339,1444,-1983,-2330,-288
-1578,-4408,-4215,1795,6647,2673,-1934,-2283,-579
-1578,-4408,-4215,1561,5868,2035,-1834,-2199,-831
-1578,-4408,-4215,2078,6172,3262,-1728,-2086,-1080
-1578,-4408,-4215,1817,5892,2718,-1628,-1965,-1284
-1578,-4408,-4215,1319,6065,3193,-1554,-1816,-1499
-1578,-4408,-4215,1354,5868,3270,-1479,-1669,-1710
-1578,-4408,-4215,1626,5684,3303,-1444,-1506,-1892
-1688,-4185,-3268,1590,5532,3028,-1409,-1345,-2069
-1688,-4185,-3268,1328,5294,2904,-1369,-1182,-2231
-1688,-4185,-3268,1786,5017,2639,-1355,-1043,-2379
-1688,-4185,-3268,1617,4741,2396,-1357,-929,-2527
-1688,-4185,-3268,1674,4436,2093,-1340,-817,-2662
-1688,-4185,-3268,1828,4230,1773,-1327,-740,-2778
-1688,-4185,-3268,1864,4008,1579,-1289,-677,-2877
-1688,-4185,-3268,1802,3812,1533,-1223,-624,-2967
-1688,-4185,-3268,1808,3660,1455,-1151,-590,-3046
-2238,-3459,-2729,1717,3569,1549,-1054,-567,-3099
-2238,-3459,-2729,1687,3389,1544,-1011,-531,-3167
-2238,-3459,-2729,1762,3220,1740,-965,-523,-3197
-2238,-3459,-2729,1724,3108,1976,-902,-483,-3270
-2238,-3459,-2729,1819,3023,2077,-870,-428,-3323
-2238,-3459,-2729,1744,2960,2346,-802,-370,-3404
-2238,-3459,-2729,1686,2792,2464,-732,-288,-3490
-2238,-3459,-2729,1828,2719,2326,-682,-220,-3577
-2238,-3459,-2729,1616,2432,2357,-621,-146,-3636
-2649,-2362,-2454,1634,2197,2265,-582,-115,-3723
-2649,-2362,-2454,1814,2024,2164,-542,-81,-3813
-2649,-2362,-2454,1897,1898,2193,-479,-55,-3891
-2649,-2362,-2454,1957,1580,2635,-429,-50,-3966
-2649,-2362,-2454,1960,1298,2743,-320,-42,-4036
-2649,-2362,-2454,1823,1129,3116,-197,-19,-4104
-2649,-2362,-2454,2178,780,3206,-55,12,-4146
-2649,-2362,-2454,1601,781,3192,57,52,-4212
-2649,-2362,-2454,2088,636,3415,170,56,-4262
-2649,-1070,-2395,1822,420,3580,277,91,-4315
-2649,-1070,-2395,1821,207,3823,366,130,-4317
-2649,-1070,-2395,1879,-433,3672,404,115,-4334
-2649,-1070,-2395,1951,-661,3818,479,164,-4347
-2649,-1070,-2395,2174,-632,3966,572,229,-4389
-2649,-1070,-2395,1885,-895,4090,620,293,-4401
-2649,-1070,-2395,2063,-1057,4333,684,344,-4435
-2649,-1070,-2395,2073,-1563,4042,757,426,-4474
-2649,-1070,-2395,1992,-1352,4477,763,491,-4499
-2099,66,-2476,2043,-2087,3669,545,568,-4512
-2099,66,-2476,1963,-2628,4556,773,692,-4523
-2099,66,-2476,2245,-2533,4893,847,817,-4523
-2099,66,-2476,2457,-2907,4098,747,857,-4507
-2099,66,-2476,2023,-3415,4494,834,1128,-4517
-2099,66,-2476,2467,-3966,4433,719,1174,-4442
-2099,66,-2476,2283,-4339,4251,712,1308,-4367
-2099,66,-2476,2031,-4579,4118,701,1437,-4279
-2099,66,-2476,1924,-4822,4050,684,1557,-4146
-1162,782,-2460,1996,-5022,3752,641,1681,-4031
-1162,782,-2460,1931,-5099,3665,590,1828,-3899
-1162,782,-2460,2096,-5240,3716,526,1884,-3787
-1162,782,-2460,1879,-5139,3281,469,2021,-3644
-1162,782,-2460,1858,-5096,3125,419,2113,-3509
-1162,782,-2460,1620,-5161,2793,349,2188,-3386
-1162,782,-2460,1676,-4959,2727,301,2268,-3272
-1162,782,-2460,1704,-4855,2577,246,2339,-3161
-1162,782,-2460,1639,-4849,2442,194,2421,-3042
-574,1058,-2604,1731,-4729,2234,102,2500,-2933
-574,1058,-2604,1671,-4807,2017,-29,2590,-2839
-574,1058,-2604,1785,-4785,1630,-156,2664,-2735
-574,1058,-2604,1842,-4764,1403,-239,2736,-2642
-574,1058,-2604,1944,-4834,1024,-401,2815,-2570
-574,1058,-2604,2040,-4612,684,-549,2896,-2494
-574,1058,-2604,2071,-4659,301,-744,2967,-2417
-574,1058,-2604,2189,-5015,0,-929,3026,-2336
-574,1058,-2604,2191,-5087,-204,-1099,3088,-2234
-326,1281,-2968,2232,-5324,-338,-1221,3119,-2146
-326,1281,-2968,2269,-5531,-546,-1358,3161,-2027
-326,1281,-2968,2123,-5783,-669,-1487,3223,-1861
-326,1281,-2968,2060,-6068,-931,-1627,3291,-1713
-326,1281,-2968,1814,-6388,-977,-1729,3360,-1522
-326,1281,-2968,1944,-6792,-1229,-1820,3424,-1310
-326,1281,-2968,2032,-7086,-1435,-1874,3465,-1077
-326,1281,-2968,1932,-7336,-1652,-1902,3527,-803
-326,1281,-2968,1880,-7502,-2024,-1902,3565,-505
-280,1546,-3661,2001,-7635,-2307,-1904,3585,-220
-280,1546,-3661,2046,-7500,-2594,-1906,3596,94
-280,1546,-3661,1775,-7349,-3243,-1905,3572,392
-280,1546,-3661,2111,-6989,-3668,-1951,3513,697
-280,1546,-3661,1959,-6781,-4059,-2027,3448,960
-280,1546,-3661,1963,-5643,-4397,-2004,3380,1305
-280,1546,-3661,1542,-6154,-4111,-2179,3177,1542
-280,1546,-3661,1503,-5199,-4716,-2367,3066,1791
-280,1546,-3661,1624,-4782,-5099,-2556,2912,2018
-792,1495,-4657,1539,-4325,-5424,-2766,2716,2202
-792,1495,-4657,1356,-4068,-5565,-3000,2519,2381
-792,1495,-4657,1236,-3888,-5397,-3216,2323,2799
-792,1495,-4657,1048,-3610,-5117,-3433,2147,2707
-792,1495,-4657,806,-3654,-5144,-3639,1936,2857
-792,1495,-4657,1081,-3261,-4893,-3738,1754,2985
-792,1495,-4657,967,-3251,-4686,-3811,1552,3080
-792,1495,-4657,1006,-3084,-4710,-3877,1360,3192
-792,1495,-4657,1008,-2858,-4471,-3934,1172,3259
-1517,583,-6105,1077,-2557,-4580,-3992,1001,3340
-1517,583,-6105,1235,-2381,-4749,-4010,823,3408
-1517,583,-6105,1401,-2609,-4992,-4011,643,3476
-1517,583,-6105,1458,-2546,-5468,-3969,488,3577
-1517,583,-6105,1590,-2642,-5351,-3889,19,3642
-1517,583,-6105,1595,-2363,-4968,-3590,67,3711
-1517,583,-6105,1715,-2177,-4742,-3768,-106,3770
-1517,583,-6105,1729,-1639,-4504,-3697,-258,3798
-1517,583,-6105,1663,-1210,-4203,-3608,-391,3817
-1517,583,-6105,1774,-726,-4165,-3495,-494,3821
-1992,-1316,-6699,1814,-404,-4057,-3349,-593,3782
-1992,-1316,-6699,1908,197,-3915,-3194,-669,3725
-1992,-1316,-6699,1907,1044,-3802,-3070,-719,3659
-1992,-1316,-6699,1562,1804,-3548,-2985,-758,3571
-1992,-1316,-6699,1562,2440,-3665,-2990,-781,3479
-1992,-1316,-6699,1856,2934,-3822,-2983,-826,3383
-1992,-1316,-6699,1723,3093,-3925,-2968,-860,3277
-1992,-1316,-6699,1645,3267,-3962,-2952,-929,3194
-1992,-1316,-6699,1597,3537,-4014,-2890,-992,3072
-1949,-3143,-6310,1512,3772,-4031,-2848,-1092,2976
-1949,-3143,-6310,1313,4071,-4123,-2821,-1177,2837
-1949,-3143,-6310,1330,4064,-3864,-2827,-1514,2703
-1949,-3143,-6310,1303,4119,-3853,-2806,-1388,2581
-1949,-3143,-6310,1446,4214,-3852,-2783,-1468,2477
-1949,-3143,-6310,1304,4352,-4060,-2749,-1591,2376
-1949,-3143,-6310,1638,4408,-3796,-2745,-1703,2254
-1949,-3143,-6310,1774,4600,-3649,-2727,-1808,2124
-1949,-3143,-6310,1903,4702,-3573,-2732,-1901,2010
-1487,-4170,-5315,1987,4658,-3544,-2758,-1993,1887
-1487,-4170,-5315,2109,4707,-3121,-2732,-2075,1765
-1487,-4170,-5315,2169,4754,-2960,-2716,-2138,1640
-1487,-4170,-5315,2241,4957,-2565,-2663,-2217,1521
-1487,-4170,-5315,2264,5248,-2039,-2562,-2259,1377
-1487,-4170,-5315,2248,5370,-2125,-2486,-2303,1230
-1487,-4170,-5315,2282,5276,-1470,-2442,-2274,1096
-1487,-4170,-5315,2160,5200,-1273,-2414,-2274,957
-1487,-4170,-5315,2049,5245,-1115,-2394,-2266,795
-1050,-4560,-4101,2063,5365,-744,-2349,-2221,652
-1050,-4560,-4101,2028,5628,-601,-2344,-2169,500
-1050,-4560,-4101,1952,5734,-424,-2307,-2126,335
-1050,-4560,-4101,2034,5918,-607,-2276,-2012,155
-1050,-4560,-4101,1983,6051,-307,-2209,-1799,-20
-1050,-4560,-4101,2019,6191,-301,-2171,-1985,-188
-1050,-4560,-4101,1961,6333,-304,-2110,-1950,-385
-1050,-4560,-4101,2153,6433,-15,-2079,-1915,-577
-1050,-4560,-4101,2221,6704,-319,-2077,-1888,-797
-853,-4421,-3143,2209,6632,-233,-2057,-1838,-1006
-853,-4421,-3143,2205,6400,261,-2033,-1804,-1208
-853,-4421,-3143,2178,6227,328,-1977,-1757,-1406
-853,-4421,-3143,2179,6137,445,-1915,-1720,-1591
-853,-4421,-3143,2258,5976,635,-1840,-1666,-1769
-853,-4421,-3143,2262,5864,728,-1804,-1612,-1935
-853,-4421,-3143,2293,5659,864,-1755,-1547,-2084
-853,-4421,-3143,2383,5467,917,-1707,-1488,-2225
-853,-4421,-3143,2398,5262,945,-1671,-1395,-2368
-1017,-3893,-2426,2317,4873,1024,-1651,-1343,-2476
-1017,-3893,-2426,2253,4765,1096,-1624,-1241,-2589
-1017,-3893,-2426,2136,4516,1058,-1561,-1161,-2690
-1017,-3893,-2426,2104,4182,948,-1570,-1085,-2778
-1017,-3893,-2426,1992,3914,958,-1501,-1039,-2863
-1017,-3893,-2426,1926,3572,804,-1455,-974,-2928
-1017,-3893,-2426,1815,3159,794,-1435,-936,-2948
-1017,-3893,-2426,1666,2832,779,-1396,-894,-2983
-1017,-3893,-2426,1578,2556,778,-1339,-874,-3002
-1381,-3151,-1874,1475,2243,932,-1314,-859,-3015
-1381,-3151,-1874,1344,1974,922,-1535,-843,-3009
-1381,-3151,-1874,1209,1735,1032,-1241,-829,-3008
-1381,-3151,-1874,1148,1508,1057,-1198,-815,-3000
-1381,-3151,-1874,1088,1362,1214,-1148,-807,-2990
-1381,-3151,-1874,950,1222,1503,-1110,-815,-2985
-1381,-3151,-1874,885,1089,1810,-1059,-789,-2976
-1381,-3151,-1874,834,1058,2072,-990,-763,-2968
-1381,-3151,-1874,635,1081,2384,-921,-714,-2963
-1484,-2294,-1615,474,832,2459,-864,-665,-2934
-1484,-2294,-1615,533,735,2647,-799,-639,-2936
-1484,-2294,-1615,557,695,2820,-742,-579,-2940
-1484,-2294,-1615,524,640,2972,-673,-524,-2949
-1484,-2294,-1615,611,627,3041,-624,-481,-2960
-1484,-2294,-1615,374,344,3353,-538,-400,-2964
-1484,-2294,-1615,363,320,3394,-464,-335,-2979
-1484,-2294,-1615,336,159,3528,-386,-274,-2990
-1484,-2294,-1615,245,45,3591,-344,-216,-2987
-1455,-1552,-1481,303,-225,3657,-261,-179,-2993
-1455,-1552,-1481,308,-188,3703,-194,-111,-2985
-1455,-1552,-1481,272,-272,3925,-101,-42,-2947
-1455,-1552,-1481,120,-414,4069,-27,13,-2945
-1455,-1552,-1481,160,-484,4219,47,79,-2951
-1455,-1552,-1481,79,-591,4304,105,172,-2935
-1455,-1552,-1481,3,-557,4496,167,255,-2932
-1455,-1552,-1481,57,-724,4554,248,336,-2944
-1455,-1552,-1481,65,-735,4477,305,418,-2942
-1382,-1042,-1481,10,-728,4504,349,510,-2938
-1382,-1042,-1481,-5,-707,4464,402,588,-2929
-1382,-1042,-1481,126,-794,4440,465,681,-2934
-1382,-1042,-1481,81,-781,4310,534,750,-2938
-1382,-1042,-1481,181,-765,4191,627,814,-2970
-1382,-1042,-1481,188,-754,4082,692,869,-2972
-1382,-1042,-1481,302,-816,3906,704,945,-3019
-1382,-1042,-1481,448,-920,3664,761,1000,-3066
-1382,-1042,-1481,486,-1060,3542,788,1041,-3102
-1407,-772,-1589,623,-1173,3528,802,1083,-3156
-1407,-772,-1589,707,-1317,3440,877,1118,-3214
-1407,-772,-1589,800,-1374,3224,873,1137,-3271
-1407,-772,-1589,854,-1546,3168,896,1163,-3327
-1407,-772,-1589,970,-1672,3204,912,1192,-3382
-1407,-772,-1589,1274,-1975,2995,944,1212,-3446
-1407,-772,-1589,1078,-2138,3179,995,1229,-3484
-1407,-772,-1589,1246,-2388,3090,1018,1242,-3529
-1407,-772,-1589,1189,-2607,3020,1035,1277,-3561
-1418,-546,-1686,1222,-2916,3013,1063,1286,-3562
-1418,-546,-1686,1332,-3000,2968,1113,1298,-3561
-1418,-546,-1686,1293,-3173,2786,1164,1304,-3585
-1418,-546,-1686,1456,-3411,2685,1163,1292,-3585
-1418,-546,-1686,1372,-3648,2674,1233,1277,-3582
-1418,-546,-1686,2019,-3609,1667,1251,1247,-3550
-1418,-546,-1686,1153,-4105,2499,1192,1179,-3550
-1418,-546,-1686,618,-3144,2195,1107,1157,-3512
-1418,-546,-1686,1130,-4656,613,851,994,-3396
-1409,-301,-1733,779,-3999,535,684,931,-3315
-1409,-301,-1733,490,-3874,771,466,850,-3234
-1409,-301,-1733,504,-4008,1261,267,778,-3158
-1409,-301,-1733,468,-4156,1439,124,752,-3076
