xmag,ymag,zmag,xaccel,yaccel,zaccel,xgyro,ygyro,zgyro
2211,-1448,1789,-1070,-1514,3847,-637,-516,932
2226,-1435,1817,-1118,-1560,4006,-645,-262,947
2226,-1435,1817,-1223,-1667,4050,-613,-502,989
2226,-1435,1817,-1144,-1748,4030,-566,-478,1025
2226,-1435,1817,-1102,-1728,4071,-539,-456,1069
2226,-1435,1817,-1049,-1701,3863,-510,-443,1106
2226,-1435,1817,-1019,-1633,4088,-462,-407,1124
2136,-1547,1728,-1042,-1618,4069,-459,-388,1146
2136,-1547,1728,-1157,-1551,3889,-437,-362,1187
2136,-1547,1728,-1170,-1610,3908,-429,-339,1192
2136,-1547,1728,-1152,-1590,3836,-449,-323,1199
2136,-1547,1728,-1198,-1572,3858,-460,-293,1230
2136,-1547,1728,-1168,-1516,3877,-520,-281,1224
2034,-1720,1724,-1268,-1488,3888,-531,-257,1231
2034,-1720,1724,-1223,-1509,3764,-600,-245,1227
2034,-1720,1724,-1202,-1492,3677,-616,-244,1237
2034,-1720,1724,-1434,-1437,3447,-655,-248,1244
2034,-1720,1724,-1207,-1405,3494,-647,-256,1242
2034,-1720,1724,-1144,-1450,3483,-627,-259,1256
2034,-1720,1724,-1242,-1398,3421,-636,-274,1260
1997,-1798,1654,-1343,-1434,3308,-609,-293,1262
1997,-1798,1654,-1417,-1347,3299,-553,-298,1273
1997,-1798,1654,-1346,-1340,3257,-542,-311,1025
1997,-1798,1654,-1323,-1301,3232,-510,-346,1248
1997,-1798,1654,-1376,-1360,3293,-511,-357,1265
1997,-1798,1654,-1416,-1388,3330,-484,-373,1282
1852,-1872,1563,-1340,-1352,3300,-498,-388,1291
1852,-1872,1563,-1291,-1295,3138,-497,-416,1277
1852,-1872,1563,-1333,-1291,3431,-502,-414,1279
1852,-1872,1563,-1286,-1262,3453,-476,-447,1285
1852,-1872,1563,-1326,-1322,3484,-503,-464,1292
1852,-1872,1563,-1478,-1316,3750,-498,-484,1281
1681,-2010,1481,-1529,-1241,3659,-508,-496,1272
1681,-2010,1481,-1477,-1209,3587,-497,-507,1032
1681,-2010,1481,-1525,-1233,3401,-485,-521,1279
1681,-2010,1481,-1506,-1262,3469,-426,-549,1252
1681,-2010,1481,-1513,-1147,3526,-428,-557,1249
1681,-2010,1481,-1471,-1109,3508,-419,-593,1226
1681,-2010,1481,-1541,-1099,3385,-378,-620,1213
1468,-2089,1413,-1491,-1154,3436,-362,-640,1205
1468,-2089,1413,-1505,-1123,3626,-382,-653,1175
1468,-2089,1413,-1542,-1082,3876,-384,-655,1160
1468,-2089,1413,-1663,-995,3935,-402,-635,1174
1468,-2089,1413,-1753,-993,3672,-443,-621,1156
1468,-2089,1413,-2024,-1134,3760,-455,-621,1143
1188,-2079,1315,-1599,-1088,3800,-472,-602,1128
1188,-2079,1315,-2048,-1016,3884,-501,-588,1097
1188,-2079,1315,-1897,-1097,3825,-544,-552,1077
1188,-2079,1315,-1935,-1167,3554,-549,-531,1095
1188,-2079,1315,-1957,-1193,3344,-551,-529,1100
1188,-2079,1315,-1849,-1147,3326,-501,-552,1109
939,-2056,1239,-1696,-981,3529,-414,-554,1107
939,-2056,1239,-1729,-841,3760,-324,-530,1110
939,-2056,1239,-1861,-767,3898,-251,-518,1082
939,-2056,1239,-1850,-954,3730,-251,-492,1068
939,-2056,1239,-1761,-1009,3470,-266,-474,1107
939,-2056,1239,-1842,-984,3422,-312,-468,1105
939,-2056,1239,-1836,-928,3659,-346,-470,1113
725,-2010,1157,-1849,-961,3562,-345,-467,1098
725,-2010,1157,-1897,-998,3505,-328,-447,1106
725,-2010,1157,-1862,-1087,3547,-305,-453,1128
725,-2010,1157,-1849,-1143,3559,-308,-439,1139
725,-2010,1157,-1704,-1170,3466,-316,-449,1172
725,-2010,1157,-1764,-1110,3349,-298,-458,1196
500,-1948,1150,-1427,-1101,3337,-253,-463,1220
500,-1948,1150,-1690,-1276,3418,-166,-478,1236
500,-1948,1150,-1378,-1138,3526,-132,-485,1262
500,-1948,1150,-1607,-1094,3804,-127,-488,1271
500,-1948,1150,-1621,-1042,3788,-131,-476,1297
500,-1948,1150,-1448,-1006,3742,-141,-457,1319
337,-1929,1098,-1478,-992,3920,-176,-440,1373
337,-1929,1098,-1467,-983,4054,-233,-428,1377
337,-1929,1098,-1427,-927,3791,-246,-430,1409
337,-1929,1098,-1309,-943,3566,-256,-446,1437
337,-1929,1098,-1066,-1332,3600,-265,-488,1439
337,-1929,1098,-939,-913,2514,-269,-455,1437
150,-1828,1089,-1242,-815,3663,-371,-575,1494
150,-1828,1089,-1375,-675,3757,-408,-528,1461
150,-1828,1089,-1433,-543,3516,-434,-515,1444
150,-1828,1089,-1509,-465,3796,-435,-509,1435
150,-1828,1089,-1517,-367,3656,-422,-482,1413
150,-1828,1089,-1401,-453,3610,-423,-481,1416
150,-1828,1089,-1355,-481,3748,-412,-479,1389
-84,-1693,1090,-1619,-477,3755,-445,-464,1355
-84,-1693,1090,-1448,-630,3844,-439,-442,1349
-84,-1693,1090,-1578,-668,3637,-437,-434,1347
-84,-1693,1090,-1724,-738,3642,-418,-417,1370
-84,-1693,1090,-1455,-831,3699,-359,-410,1391
-84,-1693,1090,-1388,-918,3831,-359,-403,1415
-192,-1460,1121,-1675,-895,3942,-386,-376,1474
-192,-1460,1121,-1401,-881,3920,-412,-363,1510
-192,-1460,1121,-1272,-844,3926,-454,-358,1539
-192,-1460,1121,-1225,-757,3804,-505,-354,1559
-192,-1460,1121,-1209,-757,3729,-553,-360,1619
-192,-1460,1121,-1194,-832,3800,-613,-367,1651
-272,-1171,1126,-1181,-849,3782,-627,-379,1670
-272,-1171,1126,-1070,-820,3768,-694,-386,1696
-272,-1171,1126,-1138,-822,4087,-726,-384,1743
-272,-1171,1126,-1292,-816,3825,-736,-398,1763
-272,-1171,1126,-1128,-972,3751,-753,-413,1783
-272,-1171,1126,-1178,-1016,3775,-747,-431,1839
-272,-1171,1126,-1103,-989,3828,-742,-440,1861
-269,-847,1185,-1187,-1029,3772,-690,-449,1901
-269,-847,1185,-1199,-1076,3977,-655,-455,1924
-269,-847,1185,-1128,-1040,3894,-629,-465,1961
-269,-847,1185,-1237,-993,3910,-616,-453,2003
-269,-847,1185,-1071,-1075,4047,-574,-445,2020
-269,-847,1185,-1083,-1127,3786,-563,-429,2038
-180,-501,1237,-1068,-1090,3889,-547,-428,2047
-180,-501,1237,-1119,-1131,3990,-549,-427,2084
-180,-501,1237,-1069,-1039,3974,-546,-425,2088
-180,-501,1237,-1136,-1084,4089,-565,-403,2091
-180,-501,1237,-1187,-1027,4115,-561,-389,2088
-180,-501,1237,-1295,-1001,4152,-605,-358,2096
70,-290,1341,-1315,-1043,4048,-635,-369,2076
70,-290,1341,-1324,-1046,3929,-615,-363,2080
70,-290,1341,-1168,-1052,3976,-645,-363,2076
70,-290,1341,-1332,-992,3762,-693,-360,2076
70,-290,1341,-1361,-929,3692,-758,-374,2055
70,-290,1341,-1337,-921,3654,-791,-384,2013
357,-113,1471,-1143,-900,3536,-840,-410,1994
357,-113,1471,-1156,-882,3570,-867,-432,1954
357,-113,1471,-1157,-903,3545,-870,-454,1943
357,-113,1471,-1285,-849,3650,-885,-461,1896
357,-113,1471,-1239,-837,3671,-874,-475,1857
357,-113,1471,-1262,-559,3933,-846,-450,1831
357,-113,1471,-1204,-634,3972,-810,-471,2030
609,73,1579,-1346,-794,3807,-781,-433,1779
609,73,1579,-1190,-782,3499,-714,-432,1753
609,73,1579,-1174,-794,3518,-617,-466,1742
609,73,1579,-1074,-994,3490,-472,-457,1744
609,73,1579,-976,-1320,3583,-375,-471,1771
609,73,1579,-890,-1502,3085,-340,-466,1813
918,124,1673,-781,-1695,3451,-339,-461,1841
918,124,1673,-1101,-1845,4078,-361,-438,1873
918,124,1673,-1001,-1841,4019,-441,-396,1908
918,124,1673,-978,-1510,3825,-453,-381,1943
918,124,1673,-789,-1287,3979,-427,-381,1968
918,124,1673,-1027,-1073,3743,-383,-381,2004
1249,-4,1708,-913,-807,3697,-320,-391,2008
1249,-4,1708,-985,-615,3991,-226,-396,1981
1249,-4,1708,-1227,-533,4276,-107,-382,1949
1249,-4,1708,-1044,-709,3957,-16,-368,1917
1249,-4,1708,-811,-1044,3843,17,-349,1895
1249,-4,1708,-937,-1189,3658,32,-349,1908
1540,-338,1684,-930,-1112,3818,71,-345,1913
1540,-338,1684,-792,-1280,4215,60,-318,1975
1540,-338,1684,-950,-1238,4265,5,-301,2006
1540,-338,1684,-758,-1014,4207,-68,-5,2014
1540,-338,1684,-613,-749,4330,-159,-208,1994
1540,-338,1684,-433,-741,5412,-252,-92,2001
1540,-338,1684,-1001,-336,4339,-309,-106,1940
1832,-714,1735,-799,-652,4496,-360,-18,1929
1832,-714,1735,-521,-473,4747,-465,0,1862
1832,-714,1735,-486,-252,4552,-529,49,1815
1832,-714,1735,-571,-223,4677,-575,101,1765
1832,-714,1735,-749,-113,4788,-552,165,1737
1832,-714,1735,-605,-141,4872,-296,226,1690
2043,-1009,1800,-633,-112,5006,-488,312,1639
2043,-1009,1800,-692,-188,5038,-491,395,1592
2043,-1009,1800,-799,-235,4928,-487,486,1536
2043,-1009,1800,-660,-192,4774,-494,555,1518
2043,-1009,1800,-546,-180,4615,-467,609,1445
2043,-1009,1800,-449,-186,4312,-422,640,1373
2354,-1310,1966,-415,-63,3962,-383,650,1294
2354,-1310,1966,-460,146,3733,-315,637,1210
2354,-1310,1966,-359,273,3336,-238,596,1143
2354,-1310,1966,-314,436,3183,-129,533,1058
2354,-1310,1966,-402,572,3193,-61,462,957
2354,-1310,1966,-642,710,3378,-19,403,843
2560,-1581,2172,-695,771,3457,-7,336,748
2560,-1581,2172,-872,720,3481,-86,278,632
2560,-1581,2172,-1070,928,3488,-169,214,515
2560,-1581,2172,-1037,929,3588,-254,160,395
2560,-1581,2172,-1174,816,3634,-316,104,301
2560,-1581,2172,-1314,708,3508,-307,51,238
2560,-1581,2172,-1273,603,3353,-309,-12,162
2604,-1701,2269,-1314,564,3648,-326,-71,92
2604,-1701,2269,-1389,579,3622,-381,-119,39
2604,-1701,2269,-1535,646,3800,-398,-182,-21
2604,-1701,2269,-1770,460,3735,-364,-226,-83
2604,-1701,2269,-1507,283,3686,-289,-283,-106
2604,-1701,2269,-1589,187,3735,-191,-338,-110
2641,-1644,2262,-1584,-30,3809,-66,-380,-112
2641,-1644,2262,-1672,-294,4101,-41,-415,-107
2641,-1644,2262,-1709,-518,4206,-57,-430,-85
2641,-1644,2262,-1689,-711,4395,-78,-432,-70
2641,-1644,2262,-1750,-870,4288,-89,-418,-3
2641,-1644,2262,-1584,-1034,4360,-126,-392,21
2543,-1593,2131,-1676,-944,4333,-181,-370,33
2543,-1593,2131,-1578,-802,4479,-233,-310,48
2543,-1593,2131,-1538,-682,4259,-272,-253,52
2543,-1593,2131,-1420,-612,3977,-271,-215,65
2543,-1593,2131,-1321,-589,3895,-264,-181,77
2543,-1593,2131,-1155,-461,3674,-223,-166,68
2502,-1605,2087,-979,-307,3416,-178,-155,54
2502,-1605,2087,-900,-272,3270,-196,-170,35
2502,-1605,2087,-950,-224,3078,-183,-188,20
2502,-1605,2087,-922,-152,3010,-172,-221,254
2502,-1605,2087,-943,-205,3197,-165,-236,24
2502,-1605,2087,-755,-283,3114,-189,-289,-5
2502,-1605,2087,-1252,470,4056,-319,-242,-71
2488,-1583,2122,-1302,-300,3650,-447,-240,-119
2488,-1583,2122,-1588,-354,3803,-570,-323,-116
2488,-1583,2122,-1685,-499,3922,-519,-270,-104
2488,-1583,2122,-1840,-642,4143,-425,-264,-77
2488,-1583,2122,-1824,-698,4467,-294,-184,-58
2488,-1583,2122,-1872,-666,4936,-149,-126,-32
2450,-1498,2035,-1974,-563,5243,-49,-21,-5
2450,-1498,2035,-1940,-469,5380,6,103,-12
2450,-1498,2035,-1861,-485,5477,29,238,4
2450,-1498,2035,-1787,-273,5464,34,372,19
2450,-1498,2035,-1666,-192,5479,31,492,47
2450,-1498,2035,-1622,-326,5437,31,632,56
2559,-1494,2190,-1521,-647,5120,27,755,72
2559,-1494,2190,-1487,-769,4730,108,835,102
2559,-1494,2190,-1491,-729,4484,171,895,142
2559,-1494,2190,-1564,-426,4081,264,918,154
2559,-1494,2190,-1680,-146,3723,311,917,121
2559,-1494,2190,-1767,85,3571,303,907,103
2559,-1494,2190,-1940,270,3640,307,900,49
2810,-1607,2505,-2030,368,3812,511,890,-37
2810,-1607,2505,-2069,447,3958,226,933,-115
2810,-1607,2505,-2255,507,4252,171,989,-199
2810,-1607,2505,-2374,442,4281,126,1069,-262
2810,-1607,2505,-2498,370,4235,103,1159,-326
2810,-1607,2505,-2408,328,4267,137,1265,-363
3007,-1639,2847,-2213,77,4322,187,1405,-386
3007,-1639,2847,-2281,-59,4082,218,1493,-390
3007,-1639,2847,-2578,-112,3727,276,1575,-419
3007,-1639,2847,-705,485,3611,304,1674,-514
3007,-1639,2847,-3017,-1057,5599,316,1804,-562
3007,-1639,2847,-896,-1096,2229,306,1787,-500
3203,-1538,3485,-449,-609,3389,280,1796,-502
3203,-1538,3485,-2026,-930,2296,282,1941,-483
3203,-1538,3485,-2323,-563,1650,258,1909,-453
3203,-1538,3485,-2424,-786,2050,320,1930,-318
3203,-1538,3485,-2960,-292,1213,274,1883,-274
3203,-1538,3485,-2284,-472,1289,246,1864,-300
3268,-1432,4284,-3387,-1107,1639,315,1811,-202
3268,-1432,4284,-2118,-786,320,481,1774,-117
3268,-1432,4284,-891,-429,-2033,767,1537,27
3268,-1432,4284,-2601,-1461,865,668,1414,-18
3268,-1432,4284,-4096,-866,287,677,1285,-21
3268,-1432,4284,4175,2825,18564,151,682,-442
3268,-1432,4284,2227,1801,-543,407,849,-264
3143,-1427,4885,-3507,1339,3099,495,1149,-482
3143,-1427,4885,-4295,-3083,178,380,1176,-395
3143,-1427,4885,-7289,3535,-8036,-122,204,-254
3143,-1427,4885,-5666,-228,-1881,218,616,-257
3143,-1427,4885,-2023,-1229,-2170,192,342,124
3143,-1427,4885,-4611,-341,-2384,381,287,115
3001,-1365,5256,-3999,899,-2181,464,172,46
3001,-1365,5256,-4203,-475,-1530,567,-65,-42
3001,-1365,5256,-4407,-441,-1227,614,-298,-50
3001,-1365,5256,-4395,-327,-1748,630,-499,-40
3001,-1365,5256,-4252,-160,-1664,600,-710,-25
3001,-1365,5256,-4396,-16,-1335,529,-877,-12
3029,-1331,5179,-4358,66,-655,400,-1002,-253
3029,-1331,5179,-4394,-46,-164,253,-1087,-3
3029,-1331,5179,-4650,-118,22,93,-1121,-2
3029,-1331,5179,-4605,-77,904,-25,-1141,-25
3029,-1331,5179,-4658,-62,1037,-139,-1122,-52
3029,-1331,5179,-4658,15,1203,-183,-1100,-74
3185,-1338,4762,-4579,-27,1236,-156,-1086,-90
3185,-1338,4762,-4458,-94,1053,-74,-1090,-101
3185,-1338,4762,-4321,-25,807,-56,-1108,-108
3185,-1338,4762,-4223,121,683,-35,-1154,-108
3185,-1338,4762,-4128,82,654,-10,-1211,-118
3185,-1338,4762,-3895,-57,664,11,-1269,-96
3185,-1338,4762,-3780,-302,564,55,-1336,-85
3235,-1354,4412,-3510,-414,568,82,-1418,-78
3235,-1354,4412,-3588,-318,764,110,-1510,-66
3235,-1354,4412,-3308,-254,1008,105,-1571,-53
3235,-1354,4412,-3351,-356,1228,43,-1616,-37
3235,-1354,4412,-3189,-492,1436,-8,-1643,-26
3235,-1354,4412,-3054,-463,1793,-109,-1675,-19
3258,-1347,3874,-2997,-525,1989,-207,-1692,-15
3258,-1347,3874,-2840,-388,2146,-265,-1693,-14
3258,-1347,3874,-2856,-180,2359,-341,-1692,229
3258,-1347,3874,-2767,-177,2714,-367,-1679,-27
3258,-1347,3874,-2562,-198,2550,-354,-1681,-49
3258,-1347,3874,-2397,-214,2600,-343,-1693,-76
3138,-1348,3239,-2336,-96,2656,-315,-1701,-97
3138,-1348,3239,-2293,-113,2827,-7,-1714,-102
3138,-1348,3239,-2087,-239,2942,-222,-1717,-125
3138,-1348,3239,-2136,-320,2867,-207,-1718,-138
3138,-1348,3239,-1938,-310,3149,-190,-1745,-179
3138,-1348,3239,-1671,-245,3090,-185,-1740,-218
3138,-1348,2727,-1730,-318,3251,-182,-1746,-226
2910,-1269,2658,-1543,-553,3372,-157,-1738,-242
2910,-1269,2658,-1409,-753,3520,-161,-1736,-231
2910,-1269,2658,-1184,-852,3342,-196,-1727,-245
2910,-1269,2658,-1115,-743,3341,-250,-1750,-243
2910,-1269,2658,-856,-637,3416,-176,-1750,-247
2910,-1269,2658,-1042,-484,3543,-123,-1746,-231
2517,-1157,2216,-815,-577,3737,-42,-1758,-231
2517,-1157,2216,-567,-675,3758,-56,-1749,-233
2517,-1157,2216,-650,-676,3739,-79,-1746,-242
2517,-1157,2216,-590,-684,3938,-65,-1719,-239
2517,-1157,2216,-462,-702,3972,-53,-1670,-251
2517,-1157,2216,-482,-920,4241,-63,-1636,-252
2043,-1058,1739,-226,-984,4215,-138,-1613,-260
2043,-1058,1739,40,-1198,3958,-223,-1568,-209
2043,-1058,1739,-82,-994,4212,-251,-1503,-132
2043,-1058,1739,-508,-634,4767,-188,-1378,-113
2043,-1058,1739,9,-822,5493,-156,-1369,-120
2043,-1058,1739,-373,-925,5059,-88,-1344,-139
1590,-943,1474,212,-830,3731,-62,-1032,-81
1590,-943,1474,264,197,5067,-60,-1237,-125
1590,-943,1474,-174,-1362,4552,-64,-1170,-343
1590,-943,1474,-191,-1521,4778,39,-1124,-55
1590,-943,1474,-142,-1438,5323,4,-1191,-172
1590,-943,1474,-756,-1230,5519,98,-908,-142
1194,-923,1339,873,-2235,5180,61,-1004,101
1194,-923,1339,-744,518,4778,46,-728,6
1194,-923,1339,1332,-1078,4366,60,-682,-82
1194,-923,1339,325,-559,4294,96,-731,68
1194,-923,1339,-509,14,3595,134,-810,53
1194,-923,1339,584,-352,4067,190,-763,-7
1194,-923,1339,129,-395,3383,220,-797,-28
933,-973,1226,2101,-1605,4233,165,-871,25
933,-973,1226,1032,-388,3546,130,-920,85
933,-973,1226,1711,-1405,4090,88,-987,121
933,-973,1226,1220,-542,3741,91,-1179,149
933,-973,1226,1718,-914,4010,49,-1224,132
933,-973,1226,1302,-26,3497,49,-1031,141
643,-983,1178,1591,-702,3535,-52,-1035,144
643,-983,1178,1434,-240,3428,-54,-977,150
643,-983,1178,1694,-302,4010,-96,-1020,-155
643,-983,1178,1566,-360,3616,-116,-994,-101
643,-983,1178,1645,-313,4032,-73,-986,-118
643,-983,1178,1479,-319,4017,-61,-978,-165
307,-919,1104,2052,-520,3900,-65,-984,-194
307,-919,1104,2037,-559,3439,-79,-969,-217
307,-919,1104,2159,-653,3458,-59,-980,-232
307,-919,1104,2282,-862,3404,-39,-988,-242
307,-919,1104,2253,-990,3516,26,-1003,-251
307,-919,1104,2410,-1010,3794,14,-992,-230
307,-919,1104,2275,-739,3665,-13,-980,-236
-81,-876,1136,2193,-897,3827,-50,-931,-232
-81,-876,1136,2279,-710,4015,-42,-866,-225
-81,-876,1136,1944,-960,4283,-65,-789,-182
-81,-876,1136,2199,-707,4565,-11,-670,-228
-81,-876,1136,2069,-447,4670,4,-640,-204
-81,-876,1136,2380,-1136,5110,21,-405,-180
-346,-870,1150,2446,-1566,4934,31,-300,-145
-346,-870,1150,2224,-492,5379,78,-98,-197
-346,-870,1150,1657,-805,4560,59,34,21
-346,-870,1150,1702,-180,4333,124,10,12
-346,-870,1150,1729,-823,4083,193,433,-74
-346,-870,1150,2072,-1182,4471,183,477,96
-297,-882,1097,1882,-2006,4496,258,698,45
-297,-882,1097,2578,-2218,4817,243,803,35
-297,-882,1097,1573,-683,4703,308,1065,-53
-297,-882,1097,758,-1118,4943,361,1073,-21
-297,-882,1097,2766,458,5668,337,1398,169
-297,-882,1097,2417,-1528,6860,579,1684,-5
218,-986,1085,1366,2188,3169,301,1180,217
218,-986,1085,2491,-605,4211,321,1426,170
218,-986,1085,2210,-544,4984,263,1560,143
218,-986,1085,2037,-647,4608,308,1753,140
218,-986,1085,1760,-606,4546,313,1798,110
218,-986,1085,1745,-667,4501,312,1888,91
218,-986,1085,1686,-622,4473,351,1948,85
960,-1150,1228,1590,-661,4223,382,1966,65
960,-1150,1228,1389,-641,4120,400,1988,59
960,-1150,1228,1252,-760,3935,408,1991,69
960,-1150,1228,1045,-743,3853,441,1974,78
960,-1150,1228,991,-785,3904,456,1935,65
960,-1150,1228,760,-676,3813,748,1909,107
1748,-1299,1486,486,-617,3868,573,1878,105
1748,-1299,1486,282,-670,3827,596,1856,99
1748,-1299,1486,88,-588,3383,570,1748,97
1748,-1299,1486,-129,-525,3348,582,1721,135
1748,-1299,1486,-551,-347,3442,587,1731,123
1748,-1299,1486,-521,293,3431,543,1667,98
2334,-1504,1980,-1440,-628,2325,749,1616,139
2334,-1504,1980,-1576,-34,3351,485,1494,366
2334,-1504,1980,113,-1954,3626,398,1438,307
2334,-1504,1980,-2265,-21,1274,331,1332,331
2334,-1504,1980,-464,974,4077,220,1077,229
2334,-1504,1980,-2797,1239,3603,364,1308,125
2747,-1720,2397,116,-322,1681,397,1380,196
2747,-1720,2397,-1311,-339,2235,308,1039,277
2747,-1720,2397,-4802,1968,-1130,323,824,95
2747,-1720,2397,-696,-2132,3635,251,834,89
2747,-1720,2397,-995,-651,2626,210,798,125
2747,-1720,2397,-2820,589,3089,226,773,15
2747,-1720,2397,-2596,595,2785,292,796,-161
2958,-1751,2799,-11332,4608,11856,229,713,141
2958,-1751,2799,-1222,-1744,5383,231,596,-311
2958,-1751,2799,-568,-1654,10620,366,752,-402
2958,-1751,2799,-6570,-2552,4989,234,1226,-225
2958,-1751,2799,-1108,-1630,8448,155,1058,33
2958,-1751,2799,5870,-852,-2929,5,1441,-254
3112,-1770,3101,-4663,177,2643,11,922,-254
3112,-1770,3101,-5587,739,-513,-89,1023,-328
3112,-1770,3101,-2518,326,1854,-230,807,-200
3112,-1770,3101,-1714,469,1698,-282,880,-307
3112,-1770,3101,-2756,-318,2327,-277,742,-450
3112,-1770,3101,-3666,336,2154,-213,635,-243
3202,-1675,3467,-3809,301,2562,-200,722,-239
3202,-1675,3467,-3684,670,2603,-139,520,-353
3202,-1675,3467,-3849,453,2569,-87,630,-303
3202,-1675,3467,-5558,-221,1823,-34,629,-89
3202,-1675,3467,-2063,1147,3530,104,789,-481
3202,-1675,3467,-2545,-1319,2428,77,538,-391
3202,-1675,3467,-3550,-718,1426,15,532,-269
3233,-1644,3763,-4626,-1653,2498,84,476,-209
3233,-1644,3763,-3163,-921,2491,227,488,-223
3233,-1644,3763,-3128,-20,2473,321,600,-248
3233,-1644,3763,-2547,723,1612,270,349,-336
3233,-1644,3763,-10739,-2797,5206,347,238,-7
3233,-1644,3763,-3069,-823,-635,226,-19,-311
3215,-1647,3952,-3911,127,2464,171,21,-209
3215,-1647,3952,-4544,132,1317,145,-255,-143
3215,-1647,3952,-3820,-34,1294,113,-333,83
3215,-1647,3952,-3715,-111,982,94,-454,52
3215,-1647,3952,-3572,-76,1001,63,-600,16
3215,-1647,3952,-3452,10,1063,26,-754,-5
3241,-1652,3829,-3313,78,1102,-37,-879,-20
3241,-1652,3829,-3155,241,1278,-96,-990,-38
3241,-1652,3829,-3249,273,1473,-178,-1084,-50
3241,-1652,3829,-3178,186,1647,-255,-1161,-82
3241,-1652,3829,-3083,132,1766,-315,-1235,-113
3241,-1652,3829,-2917,87,1739,-342,-1303,-146
3185,-1656,3469,-2833,-9,1925,-343,-1377,-157
3185,-1656,3469,-2693,-109,1973,-360,-1446,-182
3185,-1656,3469,-2571,-169,2179,-389,-1510,-202
3185,-1656,3469,-2438,-122,2068,-426,-1599,-242
3185,-1656,3469,-2281,-39,2057,-420,-1666,-290
3185,-1656,3469,-2275,5,2322,-398,-1729,-318
3185,-1656,3469,-2102,-66,2686,-335,-1777,-324
2977,-1537,2913,-1934,-216,3013,-335,-2047,-361
2977,-1537,2913,-1655,-365,2987,-395,-1818,-397
2977,-1537,2913,-1616,-408,3012,-413,-1831,-429
2977,-1537,2913,-1643,-479,3379,-423,-1828,-446
2977,-1537,2913,-1433,-519,3579,-375,-1818,-467
2977,-1537,2913,-1325,-785,3858,-379,-1778,-463
2655,-1310,2329,-1153,-883,4007,-419,-1746,-463
2655,-1310,2329,-1055,-841,3731,-449,-1726,-467
2655,-1310,2329,-939,-883,3653,-424,-1720,-479
2655,-1310,2329,-844,-902,3864,-301,-1709,-470
2655,-1310,2329,-747,-1011,4285,-210,-1690,-448
2655,-1310,2329,-892,-1148,4611,-84,-1629,-434
2229,-1104,1913,-644,-1218,4793,-74,-1552,-367
2229,-1104,1913,-798,-1270,4771,-113,-1457,-357
2229,-1104,1913,-816,-1387,4856,-202,-1351,-350
2229,-1104,1913,-1137,-1387,4984,-415,-1217,-355
2229,-1104,1913,-965,-1515,5164,-634,-1049,-355
2229,-1104,1913,-823,-1377,5376,-846,-848,-351
2229,-904,1660,-1143,-1903,5171,-960,-694,-80
1801,-904,1660,-699,-1343,5204,-1032,-570,-179
1801,-904,1660,-471,-1217,5193,-1059,-391,-116
1801,-904,1660,15,-1061,4847,-1011,-284,-111
1801,-904,1660,-818,-1370,4638,-1025,-216,31
1801,-904,1660,-1054,-774,4863,-867,15,110
1801,-904,1660,-1191,-1355,5277,-732,247,168
1732,-596,1671,-63,-575,5995,-528,420,385
1732,-596,1671,-395,-2099,4886,-422,547,409
1732,-596,1671,-172,-1626,3472,-244,710,161
1732,-596,1671,-980,-1446,5113,-171,708,193
1732,-596,1671,-128,-1154,4114,-105,703,247
1732,-596,1671,-878,-2088,4424,68,870,249
1983,-582,1941,-1070,-1711,3312,282,817,202
1983,-582,1941,-268,-2148,3704,577,885,326
1983,-582,1941,-383,-2205,2870,665,729,352
1983,-582,1941,-345,-2557,2753,625,662,352
1983,-582,1941,-485,-2252,2593,627,535,406
1983,-582,1941,-669,-1619,2931,629,445,402
2272,-809,2001,-1187,-1019,3273,560,380,390
2272,-809,2001,-1173,-1305,3226,551,289,374
2272,-809,2001,-939,-681,3176,593,318,294
2272,-809,2001,-968,-406,3603,596,252,270
2272,-809,2001,-978,-418,3362,565,186,213
2272,-809,2001,-1180,-158,3504,483,148,119
2272,-809,2001,-1270,-114,3691,389,118,39
2411,-1081,2104,-1425,-177,3713,219,101,-47
2411,-1081,2104,-1488,-306,3565,18,87,-115
2411,-1081,2104,-1549,-371,3483,-164,65,-208
2411,-1081,2104,-1708,-439,3619,-309,27,-287
2411,-1081,2104,-1532,-480,3311,-404,6,-354
2411,-1081,2104,-1158,-1002,3186,-480,-1,-383
2449,-1046,2172,-1223,-1443,3127,-539,-20,-374
2449,-1046,2172,-1114,-1650,3483,-584,-36,-361
2449,-1046,2172,-1788,-1826,3604,-580,-25,-334
2449,-1046,2172,-1725,-1729,3861,-611,-11,-305
2449,-1046,2172,-1697,-1309,3881,-670,-7,-292
2449,-1046,2172,-1847,-1045,3757,-784,8,-347
2439,-787,2266,-1362,-1189,3527,-911,17,-401
2439,-787,2266,-1478,-1022,3398,-1053,45,-474
2439,-787,2266,-1159,-915,3237,-1303,37,-537
2439,-787,2266,-1163,-1087,2960,-1623,23,-635
2439,-787,2266,-1253,-1055,3261,-1922,27,-711
2439,-787,2266,-1497,-1459,3016,-2063,45,-744
2381,-345,2496,-1043,-2237,2603,-2104,38,-785
2381,-345,2496,-1113,-3187,957,-1796,-16,-741
2381,-345,2496,-1122,-3516,1386,-1446,-131,-605
2381,-345,2496,-1877,-2287,2762,-1424,-203,-597
2381,-345,2496,-965,-1764,2430,-1552,-208,-716
2381,-345,2496,-1271,-2206,2467,-1713,-219,-832
2381,-345,2496,-879,-2579,1874,-1741,-202,-881
2265,187,2827,-1328,-2446,1491,-1789,-220,-898
2265,187,2827,-1226,-2850,1755,-1799,-184,-993
2265,187,2827,-724,-1732,2663,-1850,-159,-1125
2265,187,2827,8289,3995,-11693,-1460,-61,-1695
2265,187,2827,-8959,-5917,7138,-2012,206,-1458
2265,187,2827,-2019,-4681,458,-1810,97,-1564
2018,713,3290,-1083,-3979,1556,-1712,-172,-1366
2018,713,3290,-1164,-3342,1302,-1327,-189,-1196
2018,713,3290,-1579,-5565,1317,-982,27,-1268
2018,713,3290,-182,-5392,2571,-704,-204,-1096
2018,713,3290,-51,-4861,280,-456,-175,-954
2018,713,3290,-236,-4206,1510,-376,-172,-869
1670,1002,3609,505,-4685,587,-386,-177,-743
1670,1002,3609,82,-4518,1913,-511,-131,-728
1670,1002,3609,-2,-4274,1832,-753,-109,-749
1670,1002,3609,24,-4404,797,-1069,-80,-806
1670,1002,3609,407,-4541,572,-1367,-172,-892
1670,1002,3609,-10,-3892,-646,-1606,-255,-919
1415,1269,4006,276,-4245,-149,-1722,-344,-1005
1415,1269,4006,-153,-4046,-333,-1837,-413,-1019
1415,1269,4006,-7,-4467,-197,-1760,-462,-992
1415,1269,4006,148,-3908,-264,-1639,-473,-982
1415,1269,4006,241,-4387,176,-1575,-759,-971
1415,1269,4006,325,-4131,-386,-1517,-538,-955
1415,1269,4006,320,-3934,-660,-1534,-546,-978
1090,1376,4505,767,-4191,-914,-1615,-577,-1011
1090,1376,4505,578,-4656,-858,-1685,-612,-1001
1090,1376,4505,911,-4661,-616,-1790,-621,-1009
1090,1376,4505,841,-4284,-583,-1907,-603,-1045
1090,1376,4505,1177,-3985,-717,-2067,-583,-1056
1090,1376,4505,1249,-3945,-1078,-2155,-592,-1064
746,1362,5148,1223,-3430,-1265,-2096,-594,-1113
746,1362,5148,1297,-3142,-1431,-2001,-583,-1146
746,1362,5148,1318,-2874,-1537,-1901,-594,-1209
746,1362,5148,1525,-3279,-1662,-1710,-572,-1221
746,1362,5148,1635,-3281,-1414,-1442,-516,-1205
746,1362,5148,3870,-534,610,-1354,-882,-1337
389,1191,5700,-5913,-5049,627,-1090,-410,-2069
389,1191,5700,5540,-2878,-949,-1908,-980,-412
389,1191,5700,9117,2481,-6348,-1392,107,-558
389,1191,5700,4156,-252,-409,-1562,-587,-970
389,1191,5700,463,225,998,-1263,-618,-2140
389,1191,5700,176,-2982,-1545,-1449,-5,-1800
73,954,6193,-100,-2812,-1179,-1808,-329,-791
73,954,6193,1906,-4290,-3686,-1862,-327,-753
73,954,6193,1149,-3143,-3627,-2045,-242,-689
73,954,6193,3034,-3417,-4339,-1640,-310,-660
73,954,6193,1833,-3519,-2137,-1466,-245,-803
73,954,6193,2607,-3825,-2893,-1371,-220,-717
73,954,6193,1817,-2315,-2284,-1395,-226,-587
-113,466,6662,1073,-2891,-2023,-1392,-236,-461
-113,466,6662,1552,-3106,-2482,-1326,-167,-304
-113,466,6662,1454,-2770,-2756,-1294,-90,-238
-113,466,6662,1513,-2319,-2525,-1534,-72,-166
-113,466,6662,1372,-2249,-2762,-1335,-35,-118
-113,466,6662,1389,-1855,-2985,-1406,2,-79
-159,67,6908,1432,-1743,-3245,-1354,15,-50
-159,67,6908,1392,-1728,-3463,-1265,15,-10
-159,67,6908,1545,-1513,-3573,-1144,-249,53
-159,67,6908,1548,-1464,-3371,-1017,-3,98
-159,67,6908,1844,-1182,-3212,-944,11,111
-159,67,6908,1854,-972,-3129,-924,22,97
-183,-360,7097,1899,-855,-3404,-935,24,99
-183,-360,7097,1836,-580,-3602,-845,10,73
-183,-360,7097,1877,-485,-3748,-774,-12,43
-183,-360,7097,1907,-427,-3816,-736,-35,14
-183,-360,7097,1902,-464,-3984,-770,-63,245
-183,-360,7097,1917,-517,-4177,-845,-95,-10
-183,-360,7353,1815,-457,-4371,-946,-110,-60
-167,-686,7196,2071,43,-4515,-1078,-156,-109
-167,-686,7196,1890,283,-4916,-1191,-205,-170
-167,-686,7196,1870,1260,-7630,-1283,-264,-253
-167,-686,7196,1599,-1283,-3912,-1457,-258,-197
-167,-686,7196,2595,-511,-4801,-1558,-308,-233
-167,-686,7196,1839,65,-4255,-1613,-362,-225
-145,-1186,7294,1760,40,-4267,-1606,-369,-199
-145,-1186,7294,1725,213,-4178,-1597,-359,-138
-145,-1186,7294,1798,-160,-3596,-1588,-439,-115
-145,-1186,7294,1795,-303,-3831,-1567,-446,-69
-145,-1186,7294,2034,-706,-3263,-1440,-452,-13
-145,-1186,7294,1635,-703,-2738,-1328,-414,80
87,-1901,7249,1716,-378,-2717,-1244,-367,164
87,-1901,7249,1689,49,-3007,-1173,-318,237
87,-1901,7249,1731,483,-3248,-1072,-280,287
87,-1901,7249,1788,916,-3329,-969,-273,328
87,-1901,7249,1831,1333,-3466,-931,-247,304
87,-1901,7249,1751,1605,-3445,-875,-230,255
106,-2264,7131,1638,1800,-3430,-900,-210,191
106,-2264,7131,1524,1822,-3387,-963,-190,98
106,-2264,7131,1530,1840,-3271,-1033,-167,20
106,-2264,7131,1490,1506,-3234,-1155,-145,-41
106,-2264,7131,1528,1234,-3129,-1167,-124,-68
106,-2264,7131,1730,1172,-3080,-1227,-107,-55
106,-2264,7131,1901,1385,-3250,-1240,-88,-52
125,-2711,6999,2023,1759,-3386,-1205,-73,-71
125,-2711,6999,2012,1972,-3449,-1123,-80,-79
125,-2711,6999,1901,1841,-3188,-1074,-74,-68
125,-2711,6999,1873,1729,-3077,-1068,-50,-93
125,-2711,6999,1710,1834,-3550,-1276,-38,-112
125,-2711,6999,2256,1820,-3467,-1025,-12,-140
157,-3122,6769,1665,2233,-2700,-892,0,-141
157,-3122,6769,1399,1931,-2097,-873,67,-144
157,-3122,6769,2454,2860,-3151,-891,135,-237
157,-3122,6769,1720,3110,-2439,-934,205,-301
157,-3122,6769,1707,3097,-2920,-925,233,-403
157,-3122,6769,2083,2431,-2295,-914,168,-485
96,-3421,6573,59,4069,-1244,-985,236,-496
96,-3421,6573,534,-188,-130,-954,149,-719
96,-3421,6573,-4132,6756,3050,-1228,904,-767
96,-3421,6573,1402,2858,-1406,-1253,416,-1032
96,-3421,6573,-5700,3158,-1122,-1047,319,-889
96,-3421,6573,1796,3710,-5452,-993,442,-438
150,-3757,6268,3449,-6761,-6772,-1116,457,-938
150,-3757,6268,-18103,-3155,-18304,-745,944,-804
150,-3757,6268,-2003,7005,-2523,-876,396,-1048
150,-3757,6268,360,4426,168,-827,99,-635
150,-3757,6268,2688,-1750,-10546,-546,470,-133
150,-3757,6268,-4914,-1079,7315,-813,411,-742
150,-3757,6268,-885,1442,847,-715,217,-543
279,-4002,5986,3712,-18804,15449,-722,-244,-605
279,-4002,5986,-3990,5386,-3697,-637,-140,-459
279,-4002,5986,-2811,3739,-3850,-541,412,-909
279,-4002,5986,4361,-2237,-4733,-363,517,-614
279,-4002,5986,1163,5004,1827,-418,96,-703
279,-4002,5986,1113,2968,-1803,-299,69,-746
329,-4121,5839,2352,2922,-1100,-135,107,-552
329,-4121,5839,1485,2967,-1711,-35,96,-447
329,-4121,5839,1786,3278,-1358,54,129,-342
329,-4121,5839,1812,3912,-1439,109,123,-351
329,-4121,5839,1724,3840,-1545,77,111,-416
329,-4121,5839,2028,3996,-2149,10,84,-473
371,-4119,5791,1204,3734,-2110,-42,3,-505
371,-4119,5791,1283,3392,-2027,-130,-56,-531
371,-4119,5791,1640,2936,-1993,-226,-135,-511
371,-4119,5791,1711,3069,-2037,-279,-189,-439
371,-4119,5791,1445,3541,-1638,-328,-280,-416
371,-4119,5791,1852,3950,-1695,-352,-318,-454
486,-4132,5750,1629,4121,-1624,-402,-407,-526
486,-4132,5750,1848,3888,-1606,-456,-421,-581
486,-4132,5750,1322,3826,-1108,-612,-470,-640
486,-4132,5750,1582,3292,-1142,-767,-412,-678
486,-4132,5750,1318,3252,-750,-923,-400,-716
486,-4132,5750,1607,3609,-883,-1069,-388,-518
486,-4132,5750,1706,4564,-650,-1159,-347,-757
763,-4270,5427,1225,4959,-858,-1267,-294,-863
763,-4270,5427,1213,4769,-633,-1385,-256,-995
763,-4270,5427,1960,5039,-434,-1472,-201,-1108
763,-4270,5427,1229,4855,-987,-1700,-121,-1239
763,-4270,5427,861,4889,-900,-1914,-113,-1348
763,-4270,5427,604,4598,-848,-2299,-97,-1417
1150,-4394,4898,460,3796,-410,-2092,-50,-1434
1150,-4394,4898,188,3460,-85,-2015,-20,-1342
1150,-4394,4898,45,3523,-224,-1940,-35,-1265
1150,-4394,4898,-347,3776,-255,-1896,1,-1196
1150,-4394,4898,-426,3116,302,-1741,-37,-1078
1150,-4394,4898,-1406,6658,-579,-1553,209,-850
1623,-4339,4267,1774,4148,-313,-1669,12,-654
1623,-4339,4267,-4470,4564,343,-1591,136,-733
1623,-4339,4267,-1032,2644,2345,-1574,-198,-502
1623,-4339,4267,-1033,2074,679,-1586,28,-565
1623,-4339,4267,403,1528,-47,-1634,-106,-455
1623,-4339,4267,-629,4055,1554,-1737,-168,-703
1623,-4339,4267,-906,3780,885,-1815,-211,-605
1822,-4216,3696,-1898,4672,6235,-1722,-462,-674
1822,-4216,3696,-833,4097,444,-1423,-326,-396
1822,-4216,3696,-444,4148,1130,-1176,-441,-417
1822,-4216,3696,-415,4251,-1024,-1132,-352,-380
1822,-4216,3696,-427,3569,1554,-1171,-482,-346
1822,-4216,3696,-1107,3537,1129,-1122,-411,-301
1933,-4038,3215,-367,2601,3605,-1062,-251,-246
1933,-4038,3215,3436,5750,2705,-1346,-311,315
1933,-4038,3215,3384,4574,4705,-1149,-42,111
1933,-4038,3215,400,3921,4366,-1067,11,-115
1933,-4038,3215,-3379,2815,1520,-1220,-285,-584
1933,-4038,3215,-1928,4550,1920,-1262,-147,-467
1960,-3789,2837,-445,4009,2791,-1289,-78,-134
1960,-3789,2837,-572,3058,2550,-1475,-48,-193
1960,-3789,2837,-616,2454,2149,-1658,30,-349
1960,-3789,2837,-702,2258,2519,-1767,28,-427
1960,-3789,2837,-789,2541,2957,-1795,16,-473
1960,-3789,2837,-752,1868,2856,-1843,12,-510
2141,-3389,2498,-935,1623,3178,-1882,14,-526
2141,-3389,2498,-804,1714,3211,-1939,5,-540
2141,-3389,2498,-856,1564,3155,-1824,17,-278
2141,-3389,2498,-1018,1796,3339,-1713,-9,-480
2141,-3389,2498,-1081,1657,3267,-1579,-11,-496
2141,-3389,2498,-845,1613,3191,-1600,-17,-491
2141,-3389,2498,-1080,2110,3646,-1599,-12,-532
2222,-2854,2209,-1351,1825,3448,-1602,18,-568
2222,-2854,2209,-1227,1872,3562,-1604,20,-638
2222,-2854,2209,-1184,1564,3608,-1695,66,-704
2222,-2854,2209,-1210,1589,3327,-1846,103,-788
2222,-2854,2209,-1495,1413,3829,-1883,142,-848
2222,-2854,2209,-1419,1259,3771,-1773,182,-828
2320,-2226,2024,-1708,294,4579,-1588,136,-782
2320,-2226,2024,-1548,634,4310,-1444,165,-749
2320,-2226,2024,-1542,814,3665,-1398,186,-767
2320,-2226,2024,-1603,655,3952,-1358,172,-773
2320,-2226,2024,-1545,679,4192,-1234,129,-769
2320,-2226,2024,-1535,41,4396,-1013,81,-753
2375,-1673,2003,-1395,-1203,4454,-829,73,-734
2375,-1673,2003,-1093,-749,4201,-809,42,-725
2375,-1673,2003,-1530,496,3482,-1119,41,-846
2375,-1673,2003,-1323,2069,4874,-1435,-25,-810
2375,-1673,2003,-2015,-865,2026,-1534,157,-1170
2375,-1673,2003,8677,-1939,2701,-978,-58,-997
2375,-1673,2003,-1579,-1763,7222,-243,360,-1472
2403,-1124,2141,-1919,-851,3807,-22,-89,-1269
2403,-1124,2141,-2859,-507,3576,55,-127,-1124
2403,-1124,2141,-1607,-1283,4980,-82,-49,-1029
2403,-1124,2141,-1949,-1093,6292,-37,-3,-823
2403,-1124,2141,-1790,-1859,4480,124,205,-768
2403,-1124,2141,-1406,-1976,4292,236,224,-677
2395,-951,2155,-1677,-1471,3974,326,215,-318
2395,-951,2155,-1589,-1561,3963,347,166,-388
2395,-951,2155,-1638,-1698,3949,350,181,-334
2395,-951,2155,-1073,-1421,3763,358,150,-289
2395,-951,2155,-1225,-1183,3537,314,159,-506
2395,-951,2155,-1136,-910,3776,149,146,-359
2439,-896,2234,-1480,-1098,3347,96,202,-340
2439,-896,2234,-1734,-1626,3628,119,213,-288
2439,-896,2234,-1800,-1677,3755,206,209,-189
2439,-896,2234,-1668,-1313,3655,218,217,-89
2439,-896,2234,-1549,-1083,3647,197,215,-73
2439,-896,2234,-1571,-841,3652,150,206,-70
2502,-906,2277,-1554,-530,3547,75,197,-111
2502,-906,2277,-1417,-573,2813,10,151,-154
2502,-906,2277,-1595,-792,3088,30,76,-180
2502,-906,2277,-1729,-745,3136,110,20,-181
2502,-906,2277,-1910,-856,3297,196,-46,-167
2502,-906,2277,-1798,-1008,3501,281,-100,-83
2502,-906,2277,-1818,-994,3819,351,-136,-68
2536,-898,2338,-1874,-962,3757,436,-158,-62
2536,-898,2338,-1817,-730,3955,434,-171,-72
2536,-898,2338,-2008,-652,4066,429,-165,-88
2536,-898,2338,-2033,-461,4168,437,-145,-80
2536,-898,2338,-1831,-289,4376,497,-110,-71
2536,-898,2338,-1936,-110,4437,595,-46,-60
2530,-1020,2318,-2004,-120,4511,681,242,-48
2530,-1020,2318,-1940,-170,4769,699,103,-59
2530,-1020,2318,-2063,-555,4743,720,183,-45
2530,-1020,2318,-1866,-408,4821,722,270,-52
2530,-1020,2318,-2202,-266,5015,707,373,-59
2530,-1020,2318,-2206,-146,4814,665,495,-39
2623,-1176,2399,-1966,-146,4579,680,585,-55
2623,-1176,2399,-2125,-193,4450,754,687,-40
2623,-1176,2399,-2187,-138,4504,850,773,-24
2623,-1176,2399,-2093,-157,4335,975,872,-2
2623,-1176,2399,-2352,-125,3991,1089,959,13
2623,-1176,2399,-2069,-203,4123,1150,1034,26
2798,-1403,2613,-2222,-196,4028,1174,1142,17
2798,-1403,2613,-2258,-246,3679,1103,1208,245
2798,-1403,2613,-1783,-79,4140,1034,1259,7
2798,-1403,2613,-2266,54,3161,909,1326,-54
2798,-1403,2613,-2060,-376,2885,754,1369,-57
2798,-1403,2613,-2011,-141,2939,619,1351,-71
2798,-1403,2613,-2418,-162,1315,479,1368,-51
3068,-1587,3115,-1366,-374,-2623,319,1058,-59
3068,-1587,3115,-2287,195,-381,188,712,-49
3068,-1587,3115,-2227,417,2578,137,696,-169
3068,-1587,3115,-2974,276,3754,125,679,-79
3068,-1587,3115,-2476,1272,3003,91,753,-137
3068,-1587,3115,-3068,1492,2914,-37,717,-270
3156,-1561,3476,-2957,1401,2656,-143,799,-220
3156,-1561,3476,-2853,-1101,1747,-131,753,-145
3156,-1561,3476,-3382,-402,1545,-97,751,-173
3156,-1561,3476,23601,2327,-5432,-54,1231,-572
3156,-1561,3476,-6015,-360,-1527,76,1043,-298
3156,-1561,3476,-4913,1753,3292,198,821,9
3233,-1564,3798,-2528,166,-93,208,864,-43
3233,-1564,3798,6400,-3506,2397,150,422,47
3233,-1564,3798,-2024,1692,2520,240,514,-16
3233,-1564,3798,-5606,1214,3004,298,579,-51
3233,-1564,3798,-3601,543,2587,363,733,-112
3233,-1564,3798,-3159,233,2005,322,661,-81
3233,-1564,3798,-3559,547,1702,330,633,-93
3259,-1603,4120,-4037,733,1349,320,614,-110
3259,-1603,4120,-4509,645,377,326,569,36
3259,-1603,4120,-3588,306,447,328,540,-182
3259,-1603,4120,1639,-5149,-971,486,1128,-262
3259,-1603,4120,-6056,-776,1084,443,635,-231
3259,-1603,4120,-4182,-1928,-1484,290,836,-241
3275,-1579,4385,-3386,278,1554,201,418,-111
3275,-1579,4385,-3465,-178,292,136,498,-187
3275,-1579,4385,-3496,16,575,13,284,-171
3275,-1579,4385,-3891,695,-79,-68,161,-176
3275,-1579,4385,-3536,392,135,-116,73,-136
3275,-1579,4385,-3563,77,-92,-158,-60,-119
3240,-1586,4500,-3394,42,-463,-183,-221,-81
3240,-1586,4500,-3421,174,-307,-229,-395,-43
3240,-1586,4500,-3399,327,74,-287,-541,244
3240,-1586,4500,-3460,400,268,-318,-667,2
3240,-1586,4500,-3362,434,369,-339,-789,10
3240,-1586,4500,-3376,466,566,-385,-918,6
3259,-1600,4340,-3271,437,869,-415,-1016,10
3259,-1600,4340,-3202,425,1076,-481,-1121,12
3259,-1600,4340,-3071,365,1031,-585,-1230,252
3259,-1600,4340,-2928,230,1006,-650,-1342,22
3259,-1600,4340,-2735,39,965,-743,-1459,14
3259,-1600,4340,-2576,-176,786,-791,-1565,33
3259,-1600,4340,-2393,-409,1192,-835,-1708,61
3267,-1655,3858,-2115,-665,1215,-835,-1844,118
3267,-1655,3858,-2183,-886,1502,-855,-1970,166
3267,-1655,3858,-1988,-1044,1793,-833,-2076,504
3267,-1655,3858,-1810,-1066,2211,-800,-2164,341
3267,-1655,3858,-1699,-945,2562,-782,-2243,439
3267,-1655,3858,-1406,-570,3169,-793,-2531,474
3152,-1687,3192,-1255,-427,3720,-792,-2311,498
3152,-1687,3192,-1578,-426,4201,-796,-2291,491
3152,-1687,3192,-1354,-268,4448,-755,-2246,513
3152,-1687,3192,-1145,-260,4656,-753,-2217,512
3152,-1687,3192,-1144,-227,4950,-719,-2148,531
3152,-1687,3192,-1005,-7,4779,-710,-2094,518
2714,-1754,2402,-996,172,4764,-731,-2046,760
2714,-1754,2402,-1119,161,4837,-793,-1988,479
2714,-1754,2402,-1240,2,4779,-829,-1934,479
2714,-1754,2402,-1071,-31,4815,-791,-1899,469
2714,-1754,2402,-883,-35,4680,-792,-1854,430
2714,-1754,2402,-752,-118,4656,-778,-1822,408
2263,-1676,1866,-837,-477,4737,-727,-1782,410
2263,-1676,1866,-864,-394,4976,-649,-1734,435
2263,-1676,1866,-1019,-300,4862,-578,-1656,437
2263,-1676,1866,-543,-295,4887,-558,-1594,426
2263,-1676,1866,-519,-445,5008,-586,-1518,400
2263,-1676,1866,-457,-211,5038,-614,-1445,396
2263,-1676,1866,-280,76,5141,-648,-1342,321
1720,-1560,1549,-257,713,5166,-634,-1221,235
1720,-1560,1549,-279,865,5610,-596,-1114,131
1720,-1560,1549,-148,938,5382,-554,-960,60
1720,-1560,1549,-470,-458,4551,-448,-868,-33
1720,-1560,1549,-553,-47,4752,-284,-736,-66
1720,-1560,1549,1379,-1355,3961,-157,-857,-109
1428,-1406,1403,-1484,-624,4896,105,-623,-150
1428,-1406,1403,-438,-204,3764,250,-309,-43
1428,-1406,1403,-844,-2660,5950,507,-261,-1
1428,-1406,1403,1347,-1129,5031,559,-87,125
1428,-1406,1403,-535,459,3061,751,-216,-143
1428,-1406,1403,-1050,-424,5575,958,-203,1
1315,-1560,1354,-1475,-141,5673,930,531,67
1315,-1560,1354,-816,76,6786,1017,405,74
1315,-1560,1354,-280,-2034,5311,750,460,10
1315,-1560,1354,-721,885,6526,694,600,51
1315,-1560,1354,-865,-1235,5731,687,889,-75
1315,-1560,1354,-1047,35,6225,751,780,-81
1315,-1560,1354,-285,-287,3775,769,1108,-71
1635,-1850,1476,-925,-401,4841,616,1292,-53
1635,-1850,1476,-914,-391,4945,375,1407,-85
1635,-1850,1476,-688,-112,4998,246,1541,-100
1635,-1850,1476,-748,56,4773,156,1655,-96
1635,-1850,1476,-719,-65,4709,88,1782,-117
1635,-1850,1476,-815,-87,4768,239,1883,-135
2163,-1967,1873,-772,347,4906,-81,1975,-156
2163,-1967,1873,-801,269,4487,-159,2057,-175
2163,-1967,1873,-934,64,4168,-125,2084,-156
2163,-1967,1873,-1149,93,3806,-39,2119,-135
2163,-1967,1873,-1308,-6,3422,22,2134,-103
2163,-1967,1873,-1532,362,3827,85,2137,-126
2738,-1923,2450,-1404,394,3898,42,2115,-185
2738,-1923,2450,-1372,480,3108,15,2090,-222
2738,-1923,2450,-1495,333,2988,58,2082,-214
2738,-1923,2450,-2511,391,2613,118,2026,-58
2738,-1923,2450,-469,-449,3374,221,2069,-176
2738,-1923,2450,8070,3196,-2033,-95,1357,-55
3098,-1913,3221,-2260,3990,1308,252,1456,-69
3098,-1913,3221,440,-50,1843,297,1451,-325
3098,-1913,3221,-499,-1035,1976,341,1461,-359
3098,-1913,3221,-2165,89,1099,431,1130,-372
3098,-1913,3221,-3773,167,350,399,879,-109
3098,-1913,3221,-4410,-824,2348,493,857,-192
3098,-1913,3221,-3287,105,2224,469,830,-311
3259,-1853,3752,-1655,-1219,2983,384,644,-34
3259,-1853,3752,-2444,198,1576,352,761,-156
3259,-1853,3752,-2511,-1625,1566,165,610,-155
3259,-1853,3752,1691,-595,406,124,815,-535
3259,-1853,3752,348,-1689,-1482,93,661,160
3259,-1853,3752,-4298,925,-2537,-41,236,-268
3289,-1790,4038,-2829,2279,1674,-407,439,-434
3289,-1790,4038,-1795,747,290,-317,-144,-562
3289,-1790,4038,-2544,-3088,-1147,-188,32,-495
3289,-1790,4038,-3961,-193,1194,-117,103,-385
3289,-1790,4038,-4433,-301,1419,-23,48,-296
3289,-1790,4038,-3617,-303,1461,56,-92,-191
3295,-1720,4103,-3574,-88,1893,186,-143,-124
3295,-1720,4103,-3707,-18,1664,294,-207,-63
3295,-1720,4103,-3279,178,1501,377,-277,-17
3295,-1720,4103,-3386,326,1521,392,-371,23
3295,-1720,4103,-3716,373,1460,399,-465,21
3295,-1720,4103,-3662,340,1409,390,-574,37
3295,-1720,4103,-3493,419,1358,391,-685,51
3298,-1785,4035,-3439,567,1376,354,-780,62
3298,-1785,4035,-3194,442,1839,307,-868,49
3298,-1785,4035,-3392,410,1772,322,-943,53
3298,-1785,4035,-3197,233,1689,348,-1029,58
3298,-1785,4035,-3314,18,1875,421,-1086,80
3298,-1785,4035,-3216,-29,1827,444,-1158,113
3251,-1863,3731,-3163,-59,1960,475,-1202,153
3251,-1863,3731,-3065,-63,2149,438,-1255,223
3251,-1863,3731,-2952,12,2230,426,-1296,234
3251,-1863,3731,-2847,113,2440,409,-1341,249
3251,-1863,3731,-2758,210,2442,368,-1366,248
3251,-1863,3731,-2409,342,2434,324,-1399,221
3152,-1984,3297,-2612,430,2505,211,-1412,181
3152,-1984,3297,-2514,252,2432,53,-1432,149
3152,-1984,3297,-2677,-441,2579,-156,-1433,104
3152,-1984,3297,-2390,-1216,2522,-408,-1461,102
3152,-1984,3297,-2321,-1559,2776,-668,-1457,109
3152,-1984,3297,-1893,-1578,3080,-946,-1434,131
2957,-2057,2818,-2015,-1481,3348,-1165,-1418,188
2957,-2057,2818,-1802,-1410,3449,-1313,-1386,222
2957,-2057,2818,-1611,-1313,3574,-1389,-1345,258
2957,-2057,2818,-1628,-858,3347,-1420,-1308,264
2957,-2057,2818,-1616,-930,3352,-1423,-1294,275
2957,-2057,2818,-1655,-625,3554,-1459,-1252,263
2957,-2057,2818,-1678,-691,3968,-1392,-1210,278
2711,-1837,2358,-1563,-694,4149,-1355,-1145,278
2711,-1837,2358,-1667,-625,4202,-1299,-1089,255
2711,-1837,2358,-1741,-671,4234,-1356,-1071,249
2711,-1837,2358,-1838,-874,4223,-1422,-980,183
2711,-1837,2358,-1741,-981,3986,-1484,-943,149
2711,-1837,2358,-1843,-1071,4113,-1504,-896,132
2482,-1606,2047,-1689,-1071,4114,-1507,-846,113
2482,-1606,2047,-1638,-1038,3830,-1497,-811,100
2482,-1606,2047,-1466,-1086,3654,-1478,-780,102
2482,-1606,2047,-1545,-1039,3374,-1422,-759,109
2482,-1606,2047,-1428,-1114,3329,-1362,-756,95
2482,-1606,2047,-1341,-1281,3020,-1025,-755,101
2228,-1206,1953,-1433,-1622,2857,-1171,-748,138
2228,-1206,1953,-1195,-1939,2805,-995,-756,202
2228,-1206,1953,-1104,-2244,2618,-791,-747,356
2228,-1206,1953,-1155,-2231,2971,-575,-760,467
2228,-1206,1953,-1072,-1814,3018,-358,-742,586
2228,-1206,1953,-1270,-1868,3212,-227,-728,671
2087,-1124,1800,-1407,-1830,3384,-175,-706,727
2087,-1124,1800,-1606,-1873,3651,-215,-649,741
2087,-1124,1800,-1592,-1987,3774,-346,-634,772
2087,-1124,1800,-1701,-1761,4129,-519,-594,763
2087,-1124,1800,-1539,-1589,4065,-679,-536,740
2087,-1124,1800,-1477,-1421,3922,-812,-524,725
2087,-1124,1800,-1589,-1511,3868,-794,-481,713
1996,-1158,1697,-1602,-1704,4064,-751,-474,726
1996,-1158,1697,-1572,-1864,3790,-537,-461,769
1996,-1158,1697,-1513,-1827,3927,-229,-439,853
1996,-1158,1697,-1566,-1734,4171,144,-404,946
1996,-1158,1697,-1597,-1495,4423,531,-364,1024
1996,-1158,1697,-1668,-1275,4804,870,-275,1114
1952,-1328,1675,-1857,-1255,5111,1151,-175,1161
1952,-1328,1675,-1946,-1204,5238,1328,-59,1202
1952,-1328,1675,-1802,-1298,5369,1396,58,1225
1952,-1328,1675,-1445,-1271,4835,1371,118,1261
1952,-1328,1675,-1770,-1382,5403,1291,259,1239
1952,-1328,1675,-2010,-1416,5395,1089,343,1220
1993,-2021,1716,-1937,-1427,5207,805,406,1183
1993,-2021,1716,-2019,-1571,4941,489,439,1176
1993,-2021,1716,-1848,-1572,4513,208,441,1168
1993,-2021,1716,-1855,-1249,4022,-22,427,1200
1993,-2021,1716,-1846,-1034,3689,-210,397,1221
1993,-2021,1716,-1810,-840,3478,-330,318,1213
1993,-2021,1716,-1508,-688,3387,-485,259,1211
2057,-2346,1824,-1432,-658,3187,-604,170,1219
2057,-2346,1824,-1500,-712,2885,-735,92,1222
2057,-2346,1824,-1697,-929,2798,-819,-17,1219
2057,-2346,1824,-1751,-1001,3031,-860,-104,1255
2057,-2346,1824,-1765,-884,2875,-804,-213,1279
2057,-2346,1824,-1709,-787,2986,-722,-305,1292
1980,-2461,1801,-1684,-706,3206,-643,-373,1320
1980,-2461,1801,-1618,-770,3136,-584,-449,1326
1980,-2461,1801,-1565,-779,2913,-564,-523,1320
1980,-2461,1801,-1572,-858,2664,-547,-607,1342
1980,-2461,1801,-1543,-867,2585,-267,-696,1332
1980,-2461,1801,-1596,-990,2694,-450,-782,1328
1714,-2565,1706,-1715,-937,2769,-386,-840,1355
1714,-2565,1706,-1688,-1014,2988,-342,-899,1348
1714,-2565,1706,-1739,-1056,3079,-295,-928,1335
1714,-2565,1706,-1599,-1009,3147,-245,-965,1341
1714,-2565,1706,-1583,-899,3121,-165,-983,1349
1714,-2565,1706,-1521,-855,3186,-107,-987,1381
1275,-2673,1550,-1408,-832,3248,-82,-970,1387
1275,-2673,1550,-1356,-832,3631,-72,-960,1410
1275,-2673,1550,-1157,-841,3673,-92,-932,1442
1275,-2673,1550,-1142,-818,3621,-125,-892,1434
1275,-2673,1550,-1074,-814,3644,-148,-854,1430
1275,-2673,1550,-1039,-869,3796,-145,-812,1443
742,-2790,1447,-1039,-957,3966,-176,-755,1449
742,-2790,1447,-1125,-1013,4325,-173,-700,1491
742,-2790,1447,-1066,-1142,4217,-219,-638,1497
742,-2790,1447,-1115,-1269,4195,-207,-585,1526
742,-2790,1447,-1107,-1201,4267,-244,-523,1554
742,-2790,1447,-1088,-1200,4308,-285,-477,1581
742,-2790,1447,-1075,-1153,4241,-350,-435,1608
326,-2790,1386,-988,-1054,4143,-377,-396,1664
326,-2790,1386,-1003,-959,4177,-444,-367,1699
326,-2790,1386,-933,-871,4157,-509,-316,1716
326,-2790,1386,-891,-783,4245,-278,-290,1736
326,-2790,1386,-850,-754,4149,-542,-256,1764
326,-2790,1386,-817,-677,4227,-569,-221,1774
-31,-2592,1297,-828,-718,4250,-605,-201,1778
-31,-2592,1297,-831,-741,4094,-615,-178,1796
-31,-2592,1297,-911,-811,4057,-624,-169,1806
-31,-2592,1297,-891,-751,3972,-642,-171,1873
-31,-2592,1297,-925,-721,4005,-651,-149,1877
-31,-2592,1297,-823,-725,4053,-647,-158,1860
-272,-2262,1245,-812,-839,4072,-638,-169,1866
-272,-2262,1245,-920,-809,3935,-615,-182,1869
-272,-2262,1245,-1015,-855,3987,-634,-194,1867
-272,-2262,1245,-1113,-917,4093,-644,-201,1850
-272,-2262,1245,-1055,-945,4240,-641,-210,1881
-272,-2262,1245,-933,-877,4242,-656,-221,1883
-272,-2262,1245,-791,-645,4040,-681,-225,1884
-466,-1917,1184,-712,-414,3835,-740,-241,1872
-466,-1917,1184,-647,-351,3635,-765,-252,1856
-466,-1917,1184,-626,-344,3747,-1011,-279,1832
-466,-1917,1184,-620,-412,3822,-754,-297,1820
-466,-1917,1184,-618,-371,3921,-744,-305,1807
-466,-1917,1184,-616,-342,3931,-698,-313,1814
-568,-1475,1172,-744,-376,3910,-663,-324,1806
-568,-1475,1172,-832,-428,3968,-606,-329,1825
-568,-1475,1172,-869,-539,4056,-521,-332,1891
-568,-1475,1172,-893,-577,4124,-475,-322,1898
-568,-1475,1172,-944,-602,4203,-433,-305,1908
-568,-1475,1172,-947,-523,4347,-448,-296,1894
-584,-1141,1151,-895,-463,4327,-464,-271,1891
-584,-1141,1151,-798,-352,4253,-488,-262,1876
-584,-1141,1151,-771,-323,4154,-479,-261,1846
-584,-1141,1151,-610,-326,4209,-499,-249,1823
-584,-1141,1151,-621,-261,4212,-485,-228,1817
-584,-1141,1151,-578,-278,4348,-461,-221,1815
-514,-768,1186,-606,-304,3857,-470,-201,1795
-514,-768,1186,-638,-355,4146,-412,-193,1771
-514,-768,1186,-697,-402,4034,-381,-183,1755
-514,-768,1186,-784,-570,4097,-354,-180,1733
-514,-768,1186,-914,-842,4127,-341,-166,1740
-514,-768,1186,-1060,-1046,4252,-368,-149,1724
-514,-768,1186,-1013,-1223,4287,-389,-152,1705
-332,-542,1284,-874,-1062,4248,-421,-138,1697
-332,-542,1284,-532,-1200,4048,-434,-126,1705
-332,-542,1284,-593,-1177,3791,-457,-129,1719
-332,-542,1284,-640,-1156,3752,-473,-141,1741
-332,-542,1284,-586,-1140,3679,-510,-151,1764
-332,-542,1284,-573,-993,3694,-609,-181,1767
-24,-337,1386,-573,-758,3750,-647,-196,1759
-24,-337,1386,-510,-554,3633,-652,-218,1720
-24,-337,1386,-596,-344,3594,-682,-233,1697
-24,-337,1386,-682,-282,3718,-717,-242,1667
-24,-337,1386,-727,-345,3811,-741,-235,1596
-24,-337,1386,-879,-331,3922,-726,-229,1555
250,-124,1446,-1010,-460,4058,-707,-204,1504
250,-124,1446,-1206,-509,4520,-662,-155,1448
250,-124,1446,-1362,-756,4778,-639,-95,1411
250,-124,1446,-1434,-1006,4753,-569,-35,1397
250,-124,1446,-1423,-1201,4660,-523,30,1442
250,-124,1446,-1345,-1327,4606,-466,97,1452
762,33,1506,-1235,-1391,4428,-384,146,1476
563,33,1506,-1133,-1321,4391,-317,207,1510
563,33,1506,-1280,-1339,4452,-273,272,1549
563,33,1506,-984,-1274,4336,-259,332,1582
563,33,1506,-1021,-1271,4227,-293,389,1630
563,33,1506,-1056,-1312,4151,-314,441,1670
563,33,1506,-1190,-1374,4211,-426,504,1720
1055,-52,1682,-1290,-1376,4196,-582,529,1722
1055,-52,1682,-1245,-1303,3494,-727,547,1725
1055,-52,1682,-1036,-1098,2453,-882,480,1716
1055,-52,1682,-976,-894,2214,-992,359,1710
1055,-52,1682,-1110,-954,2626,-1074,236,1669
1055,-52,1682,-1416,-1043,3525,-1118,178,1670
1582,-58,1927,-1666,-1339,4007,-1150,162,1667
1582,-58,1927,-1720,-1436,4385,-1235,178,1679
1582,-58,1927,-1702,-1358,4331,-1356,200,1674
1582,-58,1927,-1700,-1330,4147,-1500,214,1658
1582,-58,1927,-1836,-1566,3979,-1539,213,1719
1582,-58,1927,-1867,-1701,3855,-1558,196,1749
2035,-76,2273,-1783,-1493,3833,-1523,164,1811
2035,-76,2273,-1481,-1083,3586,-1462,137,1836
2035,-76,2273,-1297,-651,3353,-1411,80,1832
2035,-76,2273,-1275,-488,3105,-1305,29,1822
2035,-76,2273,-1376,-432,2960,-1195,-17,1814
2035,-76,2273,-1461,-503,2948,-1109,-74,1806
2035,-76,2273,-1748,-465,3102,-1077,-120,1796
2398,-286,2525,-1605,-317,3388,-1064,-153,2037
2398,-286,2525,-1753,-187,3449,-1043,-186,1777
2398,-286,2525,-1844,-54,3520,-995,-182,1718
2398,-286,2525,-1977,43,3859,-973,-180,1669
2398,-286,2525,-2173,53,3942,-973,-158,1602
2398,-286,2525,-2054,145,4139,-1003,-119,1518
2676,-668,2658,-2199,113,3995,-996,-95,1420
2676,-668,2658,-2076,132,3856,-974,-52,1374
2676,-668,2658,-2008,2,3802,-907,-18,1305
2676,-668,2658,-1997,-73,3646,-858,24,1244
2676,-668,2658,-1965,-223,3591,-816,31,1193
2676,-668,2658,-1944,-354,3400,-799,62,1162
2884,-957,2764,-1793,-494,3481,-785,85,1134
2884,-957,2764,-2153,-547,3391,-800,94,1104
2884,-957,2764,-2196,-592,3393,-764,109,1133
2884,-957,2764,-2259,-571,3395,-814,112,1107
2884,-957,2764,-2337,-565,3206,-826,106,1078
2884,-957,2764,-2426,-656,3354,-879,101,1052
2950,-1224,2889,-2595,-743,3313,-948,89,1046
2950,-1224,2889,-2695,-753,3222,-986,72,1045
2950,-1224,2889,-2761,-793,3052,-1022,43,1040
2950,-1224,2889,-2811,-826,3025,-1009,1,1033
2950,-1224,2889,-2683,-699,2988,-979,-32,1041
2950,-1224,2889,-2608,-576,2942,-959,-76,1036
2950,-1224,2889,-2543,-473,2794,-939,-114,1069
3035,-1482,2998,-2460,-358,2740,-899,-168,1037
3035,-1482,2998,-2336,-212,2731,-894,-196,996
3035,-1482,2998,-2439,-112,2787,-884,-235,950
3035,-1482,2998,-2338,-108,2649,-884,-276,908
3035,-1482,2998,-2369,-465,2664,-910,-311,889
3035,-1482,2998,-2406,-860,2843,-882,-363,893
3037,-1731,2967,-2710,-1120,2967,-884,-396,922
3037,-1731,2967,-2639,-1238,3153,-827,-413,969
3037,-1731,2967,-2798,-1258,3180,-836,-433,1012
3037,-1731,2967,-2915,-1393,3187,-859,-419,1053
3037,-1731,2967,-2844,-1483,3382,-890,-411,1103
3037,-1731,2967,-3024,-1682,3316,-866,-327,1148
2990,-1984,2820,-2917,-1409,3745,-896,-340,1172
2990,-1984,2820,-2696,-1180,3749,-934,-328,1205
2990,-1984,2820,-2564,-970,3628,-1014,-312,1212
2990,-1984,2820,-2410,-882,3405,-1080,-286,1208
2990,-1984,2820,-2297,-782,3095,-1144,-289,1209
2990,-1984,2820,-2081,-693,2828,-1176,-305,1216
2898,-2238,2664,-2002,-601,2604,-1201,-342,1224
2898,-2238,2664,-1988,-515,2621,-1204,-381,1231
2898,-2238,2664,-2026,-620,2732,-1187,-421,1242
2898,-2238,2664,-2247,-667,2877,-1128,-457,1519
2898,-2238,2664,-2253,-751,3148,-1090,-484,1330
2898,-2238,2664,-2370,-842,3243,-1058,-493,1335
2898,-2238,2664,-2399,-957,3237,-1048,-497,1348
2682,-2443,2513,-2465,-1021,3232,-770,-521,1357
2682,-2443,2513,-2435,-947,3206,-1000,-524,1381
2682,-2443,2513,-2421,-816,3261,-980,-538,1383
2682,-2443,2513,-2391,-669,3181,-987,-551,1380
2682,-2443,2513,-2228,-720,3326,-1008,-563,1363
2682,-2443,2513,-2683,-751,3258,-1040,-560,1369
2413,-2644,2285,-2354,-944,3517,-1090,-556,1370
2413,-2644,2285,-2492,-1084,3527,-1161,-545,1407
2413,-2644,2285,-2404,-1194,3585,-1175,-540,1423
2413,-2644,2285,-2304,-1104,3630,-1210,-544,1446
2413,-2644,2285,-2140,-942,3669,-1263,-537,1465
2413,-2644,2285,-1946,-758,3627,-1244,-521,1488
2111,-2740,1971,-1642,-583,3636,-1226,-507,1502
2111,-2740,1971,-1788,-526,3554,-1180,-494,1513
2111,-2740,1971,-1712,-472,3534,-1158,-480,1562
2111,-2740,1971,-1800,-458,3345,-1143,-473,1581
2111,-2740,1971,-1878,-429,3271,-1140,-467,1597
2111,-2740,1971,-1807,-373,3244,-1144,-462,1598
2111,-2740,1971,-1833,-297,3256,-1133,-464,1609
1715,-2726,1793,-1850,-278,3202,-1162,-478,1610
1715,-2726,1793,-2039,-257,3255,-1180,-471,1615
1715,-2726,1793,-2004,-298,3159,-1194,-473,1597
1715,-2726,1793,-2144,-201,3387,-1221,-477,1566
1715,-2726,1793,-2066,-178,3617,-1223,-462,1571
1715,-2726,1793,-2075,-109,3668,-1206,-467,1519
1403,-2611,1502,-2072,-120,3700,-1162,-447,1491
1403,-2611,1502,-1991,-229,3801,-1086,-398,1487
1403,-2611,1502,-2033,-425,3818,-1031,-369,1489
1403,-2611,1502,-1995,-587,3969,-944,-342,1503
1403,-2611,1502,-1956,-701,3940,-887,-304,1520
1403,-2611,1502,-1852,-741,4045,-816,-260,1540
1101,-2516,1353,-1770,-782,3941,-795,-221,1547
1101,-2516,1353,-1849,-751,3908,-769,-178,1616
1101,-2516,1353,-2139,-819,3724,-825,-144,1610
1101,-2516,1353,-2473,-891,3762,-896,-138,1581
1101,-2516,1353,-2465,-986,3741,-1008,-149,1552
1101,-2516,1353,-2366,-840,3627,-1058,-155,1534
890,-2383,1262,-2063,-669,3399,-1056,-151,1546
890,-2383,1262,-1872,-588,3218,-980,-153,1548
890,-2383,1262,-1846,-636,3047,-902,-188,1529
890,-2383,1262,-1907,-847,3009,-837,-209,1508
890,-2383,1262,-1949,-1131,2859,-835,-241,1502
890,-2383,1262,-2091,-1377,2939,-861,-274,1507
890,-2383,1262,-2170,-1398,3142,-929,-307,1541
729,-2157,1208,-2234,-1426,3307,-968,-337,1550
729,-2157,1208,-2257,-1541,3426,-982,-352,1564
729,-2157,1208,-2050,-1689,3427,-996,-359,1589
729,-2157,1208,-2212,-1756,3632,-994,-370,1630
729,-2157,1208,-2182,-1584,3713,-1029,-358,1685
729,-2157,1208,-2064,-1364,3859,-1032,-335,1725
543,-1849,1111,-1871,-1077,3923,-1067,-320,1750
543,-1849,1111,-1799,-833,3958,-1077,-303,1732
543,-1849,1111,-1702,-662,4010,-1055,-270,1707
543,-1849,1111,-1700,-646,3803,-1054,-253,1678
543,-1849,1111,-1693,-677,3681,-1267,-232,1664
543,-1849,1111,-1706,-784,3780,-997,-213,1647
463,-1532,1053,-1765,-864,3824,-1000,-202,1643
463,-1532,1053,-1774,-962,3588,-993,-190,1632
463,-1532,1053,-1852,-1064,3826,-986,-195,1634
463,-1532,1053,-1920,-1144,3474,-990,-183,1668
463,-1532,1053,-1938,-1204,3475,-1260,-197,1661
463,-1532,1053,-1924,-1248,3466,-1054,-206,1694
471,-1196,1125,-1964,-1266,3527,-1061,-207,1727
471,-1196,1125,-1892,-1246,3566,-1082,-220,1756
471,-1196,1125,-1919,-1171,3504,-1101,-227,1772
471,-1196,1125,-1875,-1065,3484,-1131,-237,1798
471,-1196,1125,-1961,-1113,3488,-1144,-238,1800
471,-1196,1125,-2037,-1135,3490,-1152,-509,1815
573,-861,1176,-2091,-1125,3551,-1206,-252,1848
573,-861,1176,-2222,-1116,3533,-1267,-269,1849
573,-861,1176,-2250,-1125,3540,-1322,-297,1857
573,-861,1176,-2216,-1074,3611,-1366,-297,1883
573,-861,1176,-2046,-994,3571,-1449,-317,1888
573,-861,1176,-1899,-919,3556,-1462,-335,1889
573,-861,1176,-1722,-769,3324,-1479,-355,1905
680,-535,1359,-1607,-663,3375,-1456,-359,1909
680,-535,1359,-1620,-610,3343,-1416,-391,1940
680,-535,1359,-1645,-653,3442,-1391,-414,1963
680,-535,1359,-1698,-670,3549,-1342,-429,1979
680,-535,1359,-1754,-625,3535,-1322,-452,1996
680,-535,1359,-1780,-752,3646,-1303,-459,1987
905,-231,1500,-1770,-286,3805,-1275,-458,1968
905,-231,1500,-1717,-47,3895,-1218,-453,1935
905,-231,1500,-1707,-13,3907,-1157,-436,1892
905,-231,1500,-1789,-129,3981,-1113,-419,1845
905,-231,1500,-1803,-349,4024,-1042,-400,1812
905,-231,1500,-1737,-435,3946,-983,-365,1803
1142,-60,1678,-1734,-476,3956,-945,-335,1808
1142,-60,1678,-1736,-471,3835,-898,-313,1785
1142,-60,1678,-1701,-519,3851,-866,-277,1790
1142,-60,1678,-1702,-626,3877,-857,-512,1786
1142,-60,1678,-1720,-614,3833,-791,-243,1806
1142,-60,1678,-1661,-518,3784,-723,-236,1805
1142,-60,1678,-1524,-350,3691,-635,-262,1815
1460,-116,1825,-1550,-392,3332,-546,-289,1819
1460,-116,1825,-1472,-426,2520,-424,-379,1811
1460,-116,1825,-1502,-586,1916,-344,-516,1813
1460,-116,1825,-1402,-529,2260,-318,-670,1814
1460,-116,1825,-1327,-725,3006,-277,-787,1800
1460,-116,1825,-1194,-188,3516,-248,-831,1783
1695,-375,1735,-1240,30,3699,-233,-901,1756
1695,-375,1735,-1108,-4,3854,-5,-935,1691
1695,-375,1735,-885,-99,3872,-296,-972,1632
