xmag,ymag,zmag,xaccel,yaccel,zaccel,xgyro,ygyro,zgyro
918,-23,1625,-942,-426,4284,-667,418,-9911
921,-36,1614,-875,-274,4097,-220,-3067,323
921,-36,1614,-870,-252,4026,169,-291,-181
921,-36,1614,-846,-242,4035,181,-235,-2
921,-36,1614,-736,-194,4027,237,-252,-60
921,-36,1614,-700,-172,3957,210,-263,-105
921,-36,1614,-695,-183,3860,237,-263,-123
836,-88,1584,-659,-193,3818,246,-280,-138
836,-88,1584,-677,-230,3856,247,-280,-143
836,-88,1584,-696,-200,3932,189,-270,-164
836,-88,1584,782,676,4265,53,-267,-122
836,-88,1584,-913,707,3415,27,-232,-99
836,-88,1584,-687,1,3740,-43,-280,-128
778,-141,1543,-765,-433,3819,-34,-507,-124
778,-141,1543,-745,-471,3965,-45,-230,-107
778,-141,1543,-734,-510,4034,-46,-225,-108
778,-141,1543,-724,-473,4152,-11,-212,-106
778,-141,1543,-717,-459,4135,34,-183,-96
778,-141,1543,-723,-389,4136,67,-169,-100
778,-141,1543,-766,-368,4130,92,-145,-63
718,-130,1638,-537,-265,4148,118,-141,-71
718,-130,1638,-794,-184,4153,138,-127,-84
718,-130,1638,-762,-106,4153,167,-139,-90
718,-130,1638,-759,-71,4209,144,-136,-116
718,-130,1638,-954,-17,4273,169,-115,-144
718,-130,1638,-726,102,4284,130,-103,-176
725,-161,1607,-684,150,4305,109,-83,-203
725,-161,1607,-735,185,4287,74,-50,-211
725,-161,1607,-684,286,4202,57,-48,-256
725,-161,1607,-715,320,4098,74,-27,-294
725,-161,1607,-764,266,4130,101,-8,-327
725,-161,1607,-697,235,4135,157,3,-299
734,-145,1585,-693,251,4077,195,16,-324
734,-145,1585,-704,170,3984,200,22,-326
734,-145,1585,-704,76,4018,152,18,-321
734,-145,1585,-632,22,3791,119,19,-301
734,-145,1585,-747,6,3935,-2,8,-288
734,-145,1585,-737,-95,3956,-61,6,-261
734,-145,1585,-771,-87,3830,-114,-5,-230
707,-152,1586,-859,-201,3871,-147,-9,-217
707,-152,1586,-897,-245,3789,-180,-23,-186
707,-152,1586,-967,-345,3736,-196,-23,-147
707,-152,1586,-1001,-429,3692,-168,-38,-108
707,-152,1586,-998,-590,3705,-166,-49,-42
707,-152,1586,-976,-614,3753,-100,-67,19
744,-60,1635,-1005,-619,3763,-63,-86,85
744,-60,1635,-962,-606,3820,-7,-82,175
744,-60,1635,-955,-589,3937,-6,-93,241
744,-60,1635,-943,-539,3964,-3,-84,292
744,-60,1635,-919,-495,4022,-14,-78,326
744,-60,1635,-911,-455,4047,-14,-91,372
789,-120,1639,-900,-442,4086,-46,-81,417
789,-120,1639,-905,-346,4088,-45,-82,444
789,-120,1639,-830,-352,4233,-69,-72,469
789,-120,1639,-535,-359,4234,-80,-82,490
789,-120,1639,-729,-398,4263,-132,-74,498
789,-120,1639,-727,-405,4252,-180,-85,525
789,-120,1627,-700,-402,4173,-222,-101,545
932,-92,1627,-750,-468,4072,-227,-100,624
932,-92,1627,-791,-529,4071,-241,-120,650
932,-92,1627,-859,-551,4032,-194,-132,677
932,-92,1627,-864,-594,4064,-181,-139,725
932,-92,1627,-887,-623,4039,-145,-161,753
932,-92,1627,-882,-684,4107,-101,-163,795
1021,-114,1734,-875,-744,4083,-92,-168,838
1021,-114,1734,-847,-801,4153,-36,-172,891
1021,-114,1734,-801,-759,4135,7,-165,931
1021,-114,1734,-854,-842,4211,30,-161,994
1021,-114,1734,-587,-845,3867,27,-174,1044
1021,-114,1734,-637,-765,4136,10,-196,1064
1250,-242,1649,-634,-710,4136,-34,-224,1071
1250,-242,1649,-682,-630,4039,-82,-232,1074
1250,-242,1649,-722,-497,3955,-92,-249,1056
1250,-242,1649,-811,-366,3874,-101,-252,1020
1250,-242,1649,-866,-234,3898,-63,-235,1006
1250,-242,1649,-883,-253,3907,-46,-218,972
1390,-389,1675,-865,-287,3854,-43,-197,953
1390,-389,1675,-917,-309,3932,-94,-175,938
1390,-389,1675,-837,-369,3903,-126,-157,967
1390,-389,1675,-772,-374,3869,-125,-149,987
1390,-389,1675,-866,-326,3945,-130,-148,987
1390,-389,1675,-827,-370,3880,-157,-132,1010
1390,-389,1675,-1019,-326,3936,-210,-142,1035
1555,-532,1697,-545,-261,3943,-261,-146,1067
1555,-532,1697,-596,-172,3798,-233,-141,1105
1555,-532,1697,-635,-139,3869,-247,-155,1146
1555,-532,1697,-561,-109,3881,-288,-172,1202
1555,-532,1697,-519,-89,4059,-297,-187,1215
1555,-532,1697,-556,-206,4188,-322,-195,1252
1728,-682,1754,-706,11,4137,-321,-193,1278
1728,-682,1754,-273,58,4365,-220,-204,1317
1728,-682,1754,-312,-36,4282,-127,-192,1365
1728,-682,1754,-371,91,4244,-11,-182,1401
1728,-682,1754,-307,85,4253,59,-183,1429
1728,-682,1754,-392,4,4199,134,-164,1447
1874,-905,1718,-472,20,4172,72,-154,1476
1874,-905,1718,-560,8,4038,25,-129,1487
1874,-905,1718,-399,103,3974,5,-95,1519
1874,-905,1718,-669,167,4389,13,-92,1561
1874,-905,1718,-452,384,4232,-26,-66,1547
1874,-905,1718,-320,421,4245,-4,-50,1548
1999,-1264,1764,-347,403,4253,-37,-34,1552
1999,-1264,1764,-380,376,4107,-58,-31,1547
1999,-1264,1764,-324,416,4053,-132,-10,1543
1999,-1264,1764,-299,285,4054,-218,-3,1552
1999,-1264,1764,-297,233,3961,-307,-247,1534
1999,-1264,1764,-426,316,3974,-444,8,1512
1999,-1264,1764,-416,342,3993,-580,12,1502
2116,-1572,1820,-418,400,4024,-653,0,1487
2116,-1572,1820,-336,372,4043,-730,2,1491
2116,-1572,1820,-371,285,4125,-748,-5,1467
2116,-1572,1820,-339,209,4275,-823,-13,1442
2116,-1572,1820,-325,211,4083,-876,-32,1428
2116,-1572,1820,-365,95,4150,-905,-56,1386
2174,-1727,1771,-456,-166,4000,-963,-62,1377
2174,-1727,1771,-414,-320,3886,-964,-78,1334
2174,-1727,1771,-256,-152,4012,-952,-118,1318
2174,-1727,1771,-152,-100,3679,-847,-140,1294
2174,-1727,1771,-296,140,3537,-675,-172,1301
2174,-1727,1771,-353,119,3696,-468,-219,1301
2138,-1798,1736,-221,-57,3667,-341,-256,1299
2138,-1798,1736,-881,-417,3522,-231,-279,1270
2138,-1798,1736,-472,-220,3560,-192,-317,1282
2138,-1798,1736,-502,-82,3705,-122,-358,1278
2138,-1798,1736,-560,-104,3956,-56,-367,1261
2138,-1798,1736,-562,-206,3938,-16,-391,1237
2138,-1798,1736,-800,-186,4161,-42,-417,1218
2055,-2055,1703,-727,-237,4115,-82,-409,1185
2055,-2055,1703,-829,-159,4220,-124,-423,1147
2055,-2055,1703,-773,-213,4190,-80,-424,1111
2055,-2055,1703,-1022,-143,4283,-82,-424,1080
2055,-2055,1703,-736,15,4279,-61,-435,1055
2055,-2055,1703,-767,85,4276,-76,-411,1025
1827,-2296,1654,-730,138,4293,-64,-401,993
1827,-2296,1654,-755,199,4224,-28,-375,970
1827,-2296,1654,-687,173,4324,10,-348,991
1827,-2296,1654,-672,6,4378,9,-297,986
1827,-2296,1654,-692,-130,4103,46,-11,987
1827,-2296,1654,-536,-190,4305,24,-222,990
1697,-2488,1602,-437,-313,4229,-19,-206,1012
1697,-2488,1602,-446,-444,4219,-72,-180,1045
1697,-2488,1602,-438,-453,4111,-98,-174,1071
1697,-2488,1602,-395,-559,4079,-167,-168,1123
1697,-2488,1602,-379,-687,4262,-221,-161,1182
1697,-2488,1602,-293,-825,4337,-261,-173,1279
1528,-2630,1604,-304,-836,4410,-347,-178,1328
1528,-2630,1604,-423,-899,4513,-445,-162,1376
1528,-2630,1604,-515,-899,4611,-573,-152,1415
1528,-2630,1604,-545,-852,4509,-657,-142,1435
1528,-2630,1604,-592,-675,4305,-720,-125,1451
1528,-2630,1604,-577,-523,4178,-716,-107,1477
1528,-2630,1604,-498,-336,4121,-618,-94,1518
1331,-2687,1543,-442,-294,4141,-507,-102,1545
1331,-2687,1543,-517,-289,4144,-461,-75,1548
1331,-2687,1543,-489,-383,4068,-436,-88,1539
1331,-2687,1543,-472,-386,4184,-402,-91,1532
1331,-2687,1543,-450,-467,4135,-353,-87,1515
1331,-2687,1543,-329,-593,4114,-312,-94,1525
1119,-2716,1486,-384,-514,3871,-267,-100,1535
1119,-2716,1486,-385,-321,3853,-179,-121,1532
1119,-2716,1486,-454,-144,3709,-117,-117,1532
1119,-2716,1486,-500,30,3713,-43,-127,1516
1119,-2716,1486,-532,160,3765,30,-137,1505
1119,-2716,1486,-668,239,3823,100,-146,1486
868,-2833,1455,-715,329,4052,123,-143,1469
868,-2833,1455,-871,287,4092,143,-133,1426
868,-2833,1455,-968,264,4284,98,-112,1419
868,-2833,1455,-1089,291,4177,56,-91,1360
868,-2833,1455,-942,358,4194,-22,-76,1316
868,-2833,1455,-835,415,4363,-18,-86,1269
684,-2926,1454,-811,343,4348,-39,-57,1216
684,-2926,1454,-754,398,4051,-93,-71,1178
684,-2926,1454,-713,297,4067,-175,-83,1130
684,-2926,1454,-653,161,3936,-8,-88,1068
684,-2926,1454,-638,64,3780,-347,-104,1040
684,-2926,1454,-536,-44,3785,-382,-109,1019
684,-2926,1454,-443,-129,3628,-397,-111,991
495,-2889,1467,-451,-287,3578,-468,-117,1006
495,-2889,1467,-476,-326,3586,-491,-131,1279
495,-2889,1467,-547,-373,3735,-258,-137,1059
495,-2889,1467,-561,-459,3777,-468,-148,1076
495,-2889,1467,-509,-572,3926,-387,-169,1112
495,-2889,1467,-444,-706,3983,-264,-189,1156
302,-2770,1382,-383,-741,3871,-181,-200,1195
302,-2770,1382,-397,-811,3894,-123,-220,1290
302,-2770,1382,-406,-894,3888,-100,-245,1325
302,-2770,1382,-429,-977,3996,-147,-289,1353
302,-2770,1382,-531,-983,4127,-228,-312,1378
302,-2770,1382,-624,-870,4112,-317,-323,1377
43,-2669,1355,-746,-670,4135,-400,-327,1361
43,-2669,1355,-742,-510,4224,-433,-325,1336
43,-2669,1355,-768,-312,4092,-395,-324,1319
43,-2669,1355,-668,-162,3988,-324,-333,1299
43,-2669,1355,-660,-50,4077,-4,-344,1270
43,-2669,1355,-762,-169,4233,-195,-356,1257
43,-2669,1355,-840,-336,4500,-210,-354,1235
-215,-2497,1291,-886,-528,4586,-259,-331,1209
-215,-2497,1291,-833,-653,4597,-346,-313,1191
-215,-2497,1291,-740,-668,4392,-373,-269,1190
-215,-2497,1291,-589,-673,4216,-395,-255,1166
-215,-2497,1291,-544,-618,3954,-349,-227,1161
-215,-2497,1291,-460,-514,4019,-7,-220,1164
-390,-2316,1250,-343,-483,3940,-179,-216,1168
-390,-2316,1250,-337,-521,3900,-139,-210,1183
-390,-2316,1250,-242,-500,3605,-133,-195,1183
-390,-2316,1250,-158,-440,3750,-99,-208,1191
-390,-2316,1250,-154,-358,3841,-56,-216,1195
-390,-2316,1250,-256,-295,3916,-37,-207,1187
-566,-2164,1315,-339,-287,3921,-37,-206,1165
-566,-2164,1315,-361,-357,4076,-41,-200,1159
-566,-2164,1315,-340,-358,4113,-82,-175,1191
-566,-2164,1315,-455,-335,4163,-131,-150,1162
-566,-2164,1315,-517,-337,4248,-211,-155,1145
-566,-2164,1315,-536,-378,4068,-271,-140,1134
-670,-2004,1300,-524,-368,4040,-301,-124,1135
-670,-2004,1300,-585,-417,4136,-312,-119,1137
-670,-2004,1300,-661,-396,3994,-324,-133,1131
-670,-2004,1300,-710,-426,4147,-328,-122,1118
-670,-2004,1300,-685,-483,4251,-344,-131,1140
-670,-2004,1300,-723,-541,4287,-406,-124,1141
-670,-2004,1300,-784,-606,4381,-419,-137,1163
-760,-1679,1231,-815,-707,4235,-443,-137,1181
-760,-1679,1231,-779,-663,3994,-388,-152,1191
-760,-1679,1231,-786,-483,3898,-290,-162,1205
-760,-1679,1231,-795,-267,3738,-155,-172,1223
-760,-1679,1231,-820,-90,3608,-39,-180,1227
-760,-1679,1231,-870,-44,3664,35,-194,1242
-777,-1487,1265,-990,-22,3774,66,-204,1249
-777,-1487,1265,-935,-141,3776,57,-231,1241
-777,-1487,1265,-865,-209,3912,-13,-242,1224
-777,-1487,1265,-830,-182,3940,-65,-256,1209
-777,-1487,1265,-758,-258,4027,-158,-260,1196
-777,-1487,1265,-623,-247,4124,-220,-266,1182
-804,-1329,1296,-456,-210,4105,-253,-270,1154
-804,-1329,1296,-345,-155,4095,-251,-275,1137
-804,-1329,1296,-218,-114,4177,-229,-282,1154
-804,-1329,1296,-267,-39,4288,-229,-271,1127
-804,-1329,1296,-305,1,4128,-217,-241,1115
-804,-1329,1296,-316,70,4422,-247,-230,1081
-804,-1061,1382,-415,106,4292,-503,-205,1049
-808,-1061,1382,-466,72,4387,-258,-191,1020
-808,-1061,1382,-519,-26,4240,-252,-167,1010
-808,-1061,1382,-665,74,4283,-234,-156,990
-808,-1061,1382,-692,136,4206,-188,-153,944
-808,-1061,1382,-790,72,4108,-169,-151,929
-808,-1061,1382,-913,-85,3867,-147,-162,897
-737,-851,1349,-973,-99,4080,-131,-190,874
-737,-851,1349,-933,-9,4076,-82,-211,858
-737,-851,1349,-940,-28,3886,0,-236,842
-737,-851,1349,-994,-104,3819,61,-277,834
-737,-851,1349,-915,-145,3885,127,-298,825
-737,-851,1349,-873,-367,3798,123,-309,814
-709,-783,1354,-876,-459,3832,54,-313,812
-709,-783,1354,-881,-537,3820,-72,-316,815
-709,-783,1354,-727,-639,3702,-181,-330,818
-709,-783,1354,-576,-744,3598,-256,-340,836
-709,-783,1354,-529,-637,3552,-274,-374,899
-709,-783,1354,-478,-526,3351,-243,-400,934
-683,-596,1409,-479,-572,3664,-213,-415,971
-683,-596,1409,-428,-660,3884,-187,-411,978
-683,-596,1409,-442,-782,4015,-211,-404,978
-683,-596,1409,-393,-743,4080,-259,-383,986
-683,-596,1409,-432,-726,4100,-323,-354,1013
-683,-596,1409,-390,-632,4203,-344,-313,1025
-683,-596,1409,-333,-541,4265,-327,-297,1033
-630,-407,1493,-204,-525,4164,-285,-272,1041
-630,-407,1493,-216,-529,4285,-271,-245,1048
-630,-407,1493,-228,-504,4361,-277,-220,1053
-630,-407,1493,-261,-435,4468,-295,-193,1089
-630,-407,1493,-344,-354,4572,-329,-149,1069
-630,-407,1493,-319,-321,4537,-339,-108,1041
-471,-254,1556,-280,-14,4406,-326,-105,1025
-471,-254,1556,-277,-173,4269,-295,-79,1006
-471,-254,1556,-300,-188,4123,-271,-80,964
-471,-254,1556,-242,-108,4040,-246,-80,941
-471,-254,1556,-203,-165,4023,-233,-85,920
-471,-254,1556,-217,-167,3935,-180,-93,915
-296,-63,1601,-222,-196,3858,-137,-99,881
-296,-63,1601,-201,-175,3792,-115,-121,848
-296,-63,1601,-224,-138,3804,-102,-135,824
-296,-63,1601,-483,-139,3821,-73,-146,791
-296,-63,1601,-318,-96,3735,-73,-159,754
-296,-63,1601,-347,-139,3751,-77,-159,718
-136,-12,1619,-250,-128,3729,-69,-178,677
-136,-12,1619,-266,-78,3731,-64,-194,648
-136,-12,1619,-372,-104,3822,-19,-207,610
-136,-12,1619,-468,-166,4040,2,-227,563
-136,-12,1619,-580,-196,4013,248,-225,537
-136,-12,1619,-573,-272,4010,40,-233,495
-136,-12,1619,-406,-278,3864,54,-247,471
6,-1,1538,-380,-362,3824,150,-259,459
6,-1,1538,-512,-480,3829,217,-294,455
6,-1,1538,-576,-454,3701,235,-311,500
6,-1,1538,-400,-632,3593,282,-318,498
6,-1,1538,-263,-559,3891,342,-363,503
6,-1,1538,-315,-521,4439,462,-388,511
83,-79,1564,-282,-146,4163,490,-384,576
83,-79,1564,-304,-422,4600,536,-430,544
83,-79,1564,-61,-1191,4004,588,-456,551
83,-79,1564,-480,-376,4141,566,-446,577
83,-79,1564,-324,-540,4380,527,-452,585
83,-79,1564,-482,-394,4492,465,-429,578
79,-260,1499,-272,-383,4451,404,-370,588
79,-260,1499,-154,-404,4263,277,-317,605
79,-260,1499,-48,-400,4309,99,-278,619
79,-260,1499,50,-462,4283,-64,-242,651
79,-260,1499,-5,-561,4599,-206,-227,712
79,-260,1499,81,-523,4451,-282,-189,745
79,-260,1499,85,-487,4482,-332,-168,774
124,-235,1465,-69,-407,4308,-380,-132,784
124,-235,1465,-210,-325,4648,-407,-104,792
124,-235,1465,-402,-256,4722,-450,-54,785
124,-235,1465,-278,120,4631,-425,-11,805
124,-235,1465,-259,289,4406,-335,15,800
124,-235,1465,-431,313,4358,-197,47,759
310,-146,1544,-473,393,4215,-122,98,722
310,-146,1544,-581,369,4303,29,105,688
310,-146,1544,-415,581,4077,191,107,640
310,-146,1544,-289,768,4029,435,95,612
310,-146,1544,-214,801,3972,674,66,575
310,-146,1544,-218,684,3911,876,58,512
524,-278,1492,-311,495,4101,935,43,448
524,-278,1492,-442,536,4107,954,20,388
524,-278,1492,-298,652,4193,927,26,322
524,-278,1492,-369,903,4105,797,-251,254
524,-278,1492,-317,843,4334,544,-1,167
524,-278,1492,-311,1011,4114,189,18,83
620,-493,1409,-260,980,4211,-82,38,22
620,-493,1409,-121,981,3942,-295,23,-44
620,-493,1409,-167,767,3701,-461,19,-99
620,-493,1409,-341,561,3783,-602,21,-137
620,-493,1409,-532,444,3802,-716,15,-154
620,-493,1409,-617,309,3381,-667,23,-193
620,-493,1409,-618,358,3505,-602,-36,-227
691,-329,1442,-475,307,3194,-456,-55,-248
691,-329,1442,-443,271,3243,-354,-115,-261
691,-329,1442,-383,187,3268,-247,-151,-261
691,-329,1442,-491,197,3568,-169,-220,-276
691,-329,1442,-386,-244,3599,-118,-251,-286
691,-329,1442,-559,-87,3573,-80,-300,-293
604,-213,1553,-373,-71,3790,-80,-306,-291
604,-213,1553,-461,203,3773,-94,-340,-304
604,-213,1553,-530,-33,3990,-141,-343,-313
604,-213,1553,-432,-162,4192,-208,-328,-312
604,-213,1553,-467,-269,4246,-253,-313,-315
604,-213,1553,-550,-388,4480,-302,-318,-299
482,-145,1539,-394,-386,4298,-324,-299,-315
482,-145,1539,-646,-312,4399,-311,-298,-324
482,-145,1539,-528,-360,4406,-320,-268,-326
482,-145,1539,-517,-387,4316,-295,-252,-303
482,-145,1539,-405,-297,4183,-246,-225,-311
482,-145,1539,-454,-314,4076,-141,-241,-314
363,10,1570,-371,-252,3983,-51,-246,-299
363,10,1570,-353,-337,4183,-1,-244,-271
363,10,1570,-434,-654,4394,-6,-231,-266
363,10,1570,-382,-559,4301,-61,-215,-278
363,10,1570,-353,-611,4354,-105,-202,-9
363,10,1570,-207,-517,4218,-131,-179,-253
363,10,1570,-290,-538,4139,-144,-193,-207
313,33,1703,-157,-583,4102,-92,-193,-193
313,33,1703,-75,-277,4091,-73,-185,-186
313,33,1703,-196,-521,4003,-50,-189,-180
313,33,1703,-120,-584,4283,-37,-195,-160
313,33,1703,-235,-603,4092,-89,-186,-151
313,33,1703,-142,-526,4277,-163,-179,-138
276,39,1629,-80,-514,4030,-192,-173,-120
276,39,1629,-118,-562,4199,-185,-158,-118
276,39,1629,-124,-536,4065,-164,-150,-92
276,39,1629,-71,-605,4089,-145,-153,-79
276,39,1629,-55,-741,4339,-161,-137,-90
276,39,1629,-111,-827,4192,-240,-115,-74
279,118,1698,-12,-904,4406,-297,-102,-67
279,118,1698,36,-764,4275,-22,-81,-65
279,118,1698,19,-642,4269,-99,-80,-33
279,118,1698,39,-665,4219,103,-82,24
279,118,1698,-52,-638,4210,253,-90,53
279,118,1698,-98,-604,4247,339,-85,53
273,165,1726,-85,-613,4359,374,-80,37
273,165,1726,-139,-565,4178,386,-58,50
273,165,1726,-186,-508,4284,417,-33,60
273,165,1726,-213,-391,4397,406,-11,118
273,165,1726,-190,-354,4526,389,1,131
273,165,1726,-156,-369,4576,287,29,120
273,165,1726,-124,-361,4440,100,67,109
349,62,1614,-139,-339,4508,-80,117,120
349,62,1614,-226,-175,4495,-226,120,79
349,62,1614,-298,-144,4339,-292,166,50
349,62,1614,-298,-184,4407,-315,193,47
349,62,1614,-292,-163,4284,-321,195,2
349,62,1614,-291,-179,4112,-337,222,-27
463,104,1675,-290,-278,4077,-355,222,-42
463,104,1675,-359,-363,3935,-387,238,-69
463,104,1675,-363,-553,3931,-392,242,-88
463,104,1675,-410,-710,3871,-304,240,-68
463,104,1675,-460,-786,3759,-113,227,-52
463,104,1675,-529,-885,3822,122,198,-37
605,213,1746,-569,-896,3826,338,175,-26
605,213,1746,-543,-889,3821,494,141,252
605,213,1746,-646,-780,4039,599,129,19
605,213,1746,-685,-675,4119,615,106,5
605,213,1746,-604,-484,4091,549,100,244
605,213,1746,-676,-446,4104,453,100,-3
722,80,1689,-662,-430,4143,325,81,-50
722,80,1689,-684,-305,4110,188,93,-84
722,80,1689,-697,-367,4204,89,85,-115
722,80,1689,-743,-331,4128,42,77,-89
722,80,1689,-681,-327,4041,6,64,-87
722,80,1689,-747,-419,3859,-41,45,-82
722,80,1689,-782,-453,3544,-31,8,-83
729,31,1712,-814,-484,3699,1,-24,-77
729,31,1712,-779,-445,3704,38,-45,-68
729,31,1712,-655,-361,3675,89,-69,-36
729,31,1712,-729,-453,3741,120,-82,-23
729,31,1712,-707,-415,3908,139,-107,-35
729,31,1712,-1008,-404,3847,180,-116,-35
767,-3,1713,-780,-408,3924,166,-118,-50
767,-3,1713,-752,-432,3890,182,-111,-7
767,-3,1713,-768,-390,3930,145,-106,-16
767,-3,1713,-824,-424,3908,134,-100,-20
767,-3,1713,-813,-414,3983,128,-105,-24
767,-3,1713,-848,-388,3982,121,-95,-14
800,-27,1679,-873,-457,4091,99,-87,-18
800,-27,1679,-836,-461,4242,107,-62,-7
800,-27,1679,-819,-455,4102,108,-46,16
800,-27,1679,-874,-374,4136,109,-32,25
800,-27,1679,-895,-313,4209,71,-6,43
800,-27,1679,-907,-301,4164,33,7,40
800,-27,1650,-905,-297,4180,46,18,24
858,-75,1650,-828,-279,4187,91,21,12
858,-75,1650,-907,-305,4131,129,29,21
858,-75,1650,-856,-308,4256,142,27,20
858,-75,1650,-869,-323,4286,132,39,33
858,-75,1650,-919,-237,4330,121,52,54
858,-75,1650,-922,-186,4516,99,91,38
918,-89,1651,-982,-188,4620,34,110,19
918,-89,1651,-1061,-95,4731,-37,154,-3
918,-89,1651,-1053,-171,4871,-87,208,-14
918,-89,1651,-1052,-148,4772,-109,274,-26
918,-89,1651,-1107,-87,5064,-74,338,-27
918,-89,1651,-1154,-54,4713,-20,399,-43
1065,-123,1717,-1148,-240,4699,49,472,-44
1065,-123,1717,-1187,5,4790,97,546,-60
1065,-123,1717,-1252,50,4641,98,609,-85
1065,-123,1717,-1342,-14,4699,61,684,-88
1065,-123,1717,-1349,-47,4475,24,732,-100
1065,-123,1717,-1486,-84,4345,18,773,-100
1302,-96,1850,-1572,-78,4257,43,812,-100
1302,-96,1850,-1630,-45,4119,67,832,-82
1302,-96,1850,-1735,-95,4152,115,856,-80
1302,-96,1850,-1818,-12,4040,156,859,-72
1302,-96,1850,-1972,138,3938,202,867,-87
1302,-96,1850,-2000,288,3927,249,883,-100
1591,-146,1956,-2024,382,3908,291,893,-130
1591,-146,1956,-2095,477,3988,358,896,-100
1591,-146,1956,-2217,523,3977,405,905,-135
1591,-146,1956,-2368,554,3775,427,907,-178
1591,-146,1956,-2454,568,3716,413,903,-230
1591,-146,1956,-2444,524,3664,406,918,-233
1591,-146,1956,-2421,351,3798,421,942,-279
1882,-241,2084,-2446,230,3797,374,953,-299
1882,-241,2084,-2438,148,3684,324,976,-329
1882,-241,2084,-2509,27,3455,301,1019,-346
1882,-241,2084,-2598,-62,3474,320,1033,-335
1882,-241,2084,-2653,-165,3408,330,1066,-345
1882,-241,2084,-2566,-37,3323,396,1129,-342
2185,-270,2331,-2325,90,3426,387,1140,-346
2185,-270,2331,-2493,-63,3234,430,1165,-338
2185,-270,2331,-2444,-154,2994,468,1176,-305
2185,-270,2331,-2526,-260,2851,494,1178,-289
2185,-270,2331,-2509,-166,2785,495,1154,-280
2185,-270,2331,-2591,-85,2708,436,1145,-271
2456,-339,2584,-2612,44,2608,360,1136,-273
2456,-339,2584,-2767,149,2445,249,1129,-276
2456,-339,2584,-2788,142,2343,201,1100,-283
2456,-339,2584,-2913,129,2234,181,1079,-284
2456,-339,2584,-3042,260,2172,230,1069,-280
2456,-339,2584,-3066,346,2576,303,1040,-287
2655,-326,2891,-3311,21,2180,373,1043,-321
2655,-326,2891,-3122,278,1739,402,1039,-332
2655,-326,2891,-3111,329,2421,352,1060,-347
2655,-326,2891,-3308,314,2083,302,1112,-367
2655,-326,2891,-3351,89,2374,242,1149,-395
2655,-326,2891,-3279,40,1915,119,1190,-408
2655,-326,2891,-3119,-417,2112,67,1191,-391
2837,-264,3232,-3083,-457,1749,88,1200,-324
2837,-264,3232,-3322,-46,1505,68,1281,-276
2837,-264,3232,-3556,-188,1306,126,1178,-265
2837,-264,3232,-3202,-160,1287,87,1246,-272
2837,-264,3232,-3663,-252,1215,21,1259,-295
2837,-264,3232,-3402,-127,1140,-15,1272,-286
2913,-245,3684,-3633,-247,1211,3,1297,-253
2913,-245,3684,-3584,-224,651,31,1323,-230
2913,-245,3684,-3471,-79,699,1,1329,-230
2913,-245,3684,-3464,-90,449,-28,1332,-226
2913,-245,3684,-3542,0,258,-59,1329,-214
2913,-245,3684,-3638,138,228,-83,1341,-192
2958,-169,4240,-3687,213,216,-62,1340,-217
2958,-169,4240,-3563,33,260,-52,1352,-231
2958,-169,4240,-3607,-9,123,-34,1368,-227
2958,-169,4240,-3516,38,-7,-28,1376,-239
2958,-169,4240,-3371,17,-133,-18,1395,-3
2958,-169,4240,-3624,80,-89,-56,1383,-259
2958,-169,4240,-3254,-24,-282,22,1370,-276
2886,-146,4740,-3207,15,-801,72,1358,-289
2886,-146,4740,-3369,61,-1230,221,1295,-304
2886,-146,4740,-3415,197,-1665,307,1239,-301
2886,-146,4740,-3331,337,-1860,376,1152,-313
2886,-146,4740,-3370,326,-2032,404,1065,-357
2886,-146,4740,-3337,289,-2006,384,1029,-403
2744,-34,5160,-3335,158,-2103,331,985,-457
2744,-34,5160,-3374,6,-2030,318,970,-489
2744,-34,5160,-3250,-172,-2292,263,979,-484
2744,-34,5160,-3243,-175,-2298,510,935,-490
2744,-34,5160,-3208,-368,-2364,304,896,-480
2744,-34,5160,-3236,-522,-2245,422,908,-466
2501,106,5387,-3151,-759,-1805,497,871,-414
2501,106,5387,-3124,-944,-2429,534,941,-396
2501,106,5387,-2969,-957,-2104,496,946,-365
2501,106,5387,-2866,-1080,-1994,358,988,-328
2501,106,5387,-2798,-1168,-2086,273,1036,-294
2501,106,5387,-2651,-1029,-2011,179,1089,-252
2274,261,5631,-2598,-1194,-2177,121,1117,-210
2274,261,5631,-2525,-1045,-2219,83,1135,-146
2274,261,5631,-2540,-1018,-2038,50,1175,-106
2274,261,5631,-2518,-981,-1944,59,1198,-89
2274,261,5631,-2359,-1045,-2080,57,1235,-68
2274,261,5631,-2313,-1025,-2174,122,1288,-7
2274,261,5631,-2267,-949,-2236,115,1304,-15
1996,268,5955,-2189,-978,-2508,106,1293,-23
1996,268,5955,-2106,-914,-2514,145,1270,25
1996,268,5955,-2109,-761,-2626,171,1278,23
1996,268,5955,-1119,-2411,-1217,347,1388,-166
1996,268,5955,-2051,-1811,-4202,347,1343,12
1996,268,5955,-2181,-1135,-2574,218,1026,17
1626,260,6227,-2038,-1170,-3131,305,1281,-1
1626,260,6227,-2059,-1013,-3462,325,1288,-14
1626,260,6227,-1949,-863,-3316,254,1242,-47
1626,260,6227,-1880,-770,-3326,198,1231,-37
1626,260,6227,-1751,-1095,-3403,78,1223,-42
1626,260,6227,-1547,-1107,-3481,-87,1230,-32
1283,264,6464,-1476,-982,-3400,-217,1230,-22
1283,264,6464,-1336,-802,-3438,-295,1224,-11
1283,264,6464,-1139,-755,-3487,-256,1229,-22
1283,264,6464,-1068,-681,-3750,-190,1243,-31
1283,264,6464,-530,-685,-3861,-243,1260,-67
1283,264,6464,-721,-563,-3827,-258,1261,-89
940,227,6711,-643,-563,-3885,-225,1255,-84
940,227,6711,-653,-619,-3885,-154,1230,-68
940,227,6711,-615,-587,-4234,-86,1200,-63
940,227,6711,-523,-531,-4178,-27,1153,-69
940,227,6711,-475,-454,-4107,1,1096,-96
940,227,6711,-415,-372,-4073,24,1070,-95
940,227,6711,-330,-428,-4070,77,1022,-101
508,144,6850,-223,-797,-4263,141,993,-56
508,144,6850,-120,-1220,-4331,135,932,64
508,144,6850,-22,-1420,-4489,123,870,169
508,144,6850,74,-1426,-4455,95,810,260
508,144,6850,175,-1001,-4181,140,763,323
508,144,6850,154,-361,-4030,186,731,354
204,187,6879,195,317,-4159,75,702,281
204,187,6879,303,453,-4250,-125,668,193
204,187,6879,301,421,-4511,-289,617,117
204,187,6879,235,413,-4221,-442,606,11
204,187,6879,168,220,-4348,-538,566,-94
204,187,6879,187,411,-3797,-631,562,-170
17,132,6950,79,304,-4008,-596,522,-211
17,132,6950,256,268,-3894,-501,542,-274
17,132,6950,513,331,-3972,-388,544,-319
17,132,6950,731,185,-3853,-233,534,-346
17,132,6950,672,76,-3836,-114,483,-404
17,132,6950,691,93,-3545,-16,450,-449
-251,-8,6985,703,-223,-3067,68,423,-516
-251,-8,6985,602,-168,-3045,108,431,-527
-251,-8,6985,670,-240,-3305,189,481,-521
-251,-8,6985,670,-320,-3396,242,483,-518
-251,-8,6985,817,-327,-3450,231,519,-545
-251,-8,6985,896,-400,-3675,236,525,-497
-251,-8,6985,1051,-307,-3723,157,545,-511
-531,29,6944,1287,-386,-3748,107,538,-541
-531,29,6944,1299,-287,-3746,12,555,-561
-531,29,6944,1365,-417,-3794,-33,580,-549
-531,29,6944,1394,-394,-3387,-42,620,-564
-531,29,6944,1519,-251,-3577,55,652,-527
-531,29,6944,1709,-151,-3479,103,690,-487
-914,-43,6926,1629,-249,-3441,193,734,-474
-914,-43,6926,1919,-376,-3163,256,781,-441
-914,-43,6926,-1984,-6106,-13552,949,1333,-602
-914,-43,6926,7678,671,-1005,404,1013,-299
-914,-43,6926,2309,-1134,-10168,66,416,-439
-914,-43,6926,2816,-816,-3133,280,702,-397
-1213,51,6816,2253,-1197,-3018,239,724,-364
-1213,51,6816,2512,-576,-3156,161,661,-328
-1213,51,6816,2668,-766,-3151,79,670,-312
-1213,51,6816,2552,-1268,-3181,48,655,-281
-1213,51,6816,2764,-1144,-3813,15,660,-220
-1213,51,6816,2708,-1234,-3481,27,642,-118
-1516,102,6604,2763,-1265,-3194,21,623,-14
-1516,102,6604,2697,-1283,-3101,82,596,104
-1516,102,6604,2817,-1251,-2902,127,573,202
-1516,102,6604,3018,-1155,-2704,123,570,294
-1516,102,6604,3081,-1625,-2443,161,495,292
-1516,102,6604,3724,-90,-2768,-52,626,577
-1516,102,6604,2538,-574,-1267,-101,701,549
-1640,164,6486,2726,-1124,-4128,-86,999,561
-1640,164,6486,3412,-906,-2987,-178,1047,615
-1640,164,6486,3140,-1007,-2053,-203,1033,655
-1640,164,6486,3259,-928,-2150,-235,1094,688
-1640,164,6486,3549,-1081,-2117,-191,1128,748
-1640,164,6486,3639,-1083,-2154,-159,1133,1011
-1804,239,6292,3521,-925,-2102,-129,1159,805
-1804,239,6292,3890,-818,-3036,-152,1159,815
-1804,239,6292,3994,-816,-2652,-164,1092,818
-1804,239,6292,4073,-667,-2739,-151,1060,791
-1804,239,6292,4095,-549,-2990,-114,1046,778
-1804,239,6292,3986,-508,-2964,-51,996,762
-1891,397,6077,3930,-424,-3198,-19,941,711
-1891,397,6077,3815,-419,-3108,26,874,649
-1891,397,6077,3729,-453,-2730,7,847,583
-1891,397,6077,3602,-386,-2302,1,798,505
-1891,397,6077,3541,-305,-1994,-59,804,419
-1891,397,6077,3578,-498,-1558,-184,833,293
-1923,551,5836,3699,-539,-1244,-299,830,211
-1923,551,5836,3218,-170,-292,-467,923,138
-1923,551,5836,3064,-752,-2238,-560,889,56
-1923,551,5836,4615,-683,-2299,-633,950,-1
-1923,551,5836,3567,-391,-1581,-595,858,-85
-1923,551,5836,3695,-533,-1416,-488,837,-132
-1923,295,5793,3864,-536,-1435,-400,831,-177
-2064,467,5793,3189,-549,-1629,-345,810,-203
-2064,467,5793,4045,-521,-1357,-257,1015,-210
-2064,467,5793,3723,-529,-2623,-217,719,-238
-2064,467,5793,4218,-287,-2117,-19,768,-272
-2064,467,5793,4072,-456,-1302,21,742,-289
-2064,467,5793,3678,-482,-1305,92,719,-269
-2237,388,5522,3872,-684,-1156,131,682,-288
-2237,388,5522,3860,-537,-776,158,678,-316
-2237,388,5522,4190,-614,-442,129,700,-335
-2237,388,5522,4612,-616,-203,148,728,-329
-2237,388,5522,4850,-540,97,117,765,-345
-2237,388,5522,4654,-536,332,90,822,-364
-2419,355,5324,4416,-510,559,-50,904,-388
-2419,355,5324,4292,-466,541,-215,987,-373
-2419,355,5324,4666,-612,128,-384,1079,-384
-2419,355,5324,4359,-585,196,-488,1141,-375
-2419,355,5324,4497,-887,-115,-557,1131,-375
-2419,355,5324,4449,-929,-140,-516,1108,-337
-2567,229,5068,4637,-919,-322,-385,1047,-233
-2567,229,5068,4509,-979,-126,-297,992,-178
-2567,229,5068,4464,-960,-22,-194,947,-149
-2567,229,5068,4112,-995,-180,-164,947,-164
-2567,229,5068,4208,-1132,-214,-115,945,-167
-2567,229,5068,4213,-1387,-266,-100,918,-130
-2567,229,5068,4273,-1593,-223,-58,861,-119
-2697,174,4753,4594,-1897,252,-14,807,-80
-2697,174,4753,4525,-1771,269,-58,811,3
-2697,174,4753,4488,-1772,597,-163,812,41
-2697,174,4753,4479,-1493,969,-281,812,51
-2697,174,4753,4345,-1797,1042,-333,827,136
-2697,174,4753,4361,-1687,1473,-468,831,123
-2708,200,4472,4565,-1653,1156,-453,834,207
-2708,200,4472,4647,-1611,1155,-568,883,276
-2708,200,4472,4361,-1553,1424,-631,898,314
-2708,200,4472,4163,-1697,1652,-666,959,370
-2708,200,4472,4262,-1724,1781,-655,1011,422
-2708,200,4472,4590,-1680,2107,-587,1019,766
-2615,311,4290,4439,-3267,1125,-467,1129,584
-2615,311,4290,4779,-1819,1340,-565,1126,636
-2615,311,4290,4285,-2233,1893,-447,1086,693
-2615,311,4290,4470,-1869,2124,-266,1128,748
-2615,311,4290,4578,-2107,2687,-141,1127,780
-2615,311,4290,4497,-2483,2543,-113,1057,842
-2371,576,4025,4235,-2273,2856,-3,1034,952
-2371,576,4025,4381,-2409,1884,68,1130,984
-2371,576,4025,4360,-2156,2315,434,1216,995
-2371,576,4025,5083,-2378,2065,358,1154,1127
-2371,576,4025,4655,-2613,3490,396,1120,1133
-2371,576,4025,4456,-2410,3666,336,1177,1118
-2371,576,4025,4552,-2454,3600,398,1277,1152
-1985,850,3634,4108,-2101,3596,485,1321,1219
-1985,850,3634,782,-1102,3767,499,1409,1173
-1985,850,3634,5834,-792,3259,515,1341,1199
-1985,850,3634,2843,-2091,2766,569,1287,1085
-1985,850,3634,2889,-2647,1907,632,1356,1069
-1985,850,3634,2977,-2759,2335,664,1260,1099
-1354,1050,3128,2519,-2557,2124,1021,1222,1183
-1354,1050,3128,2166,-2288,2704,842,1139,1130
-1354,1050,3128,2542,-2278,2404,931,1067,1110
-1354,1050,3128,2504,-2210,2552,1081,1029,1080
-1354,1050,3128,2293,-2005,2770,1109,974,1270
-1354,1050,3128,2516,-2736,2688,1162,806,888
-711,1078,2715,2018,-1184,2939,1197,902,809
-711,1078,2715,1986,-1086,2831,1136,771,730
-711,1078,2715,715,-1039,2917,1041,686,636
-711,1078,2715,1462,-1528,3525,970,746,524
-711,1078,2715,1213,-1511,3603,1016,740,485
-711,1078,2715,1392,-1552,3677,1040,817,516
-273,858,2355,1294,-1320,4151,1032,828,494
-273,858,2355,1262,-1262,4019,911,865,451
-273,858,2355,1174,-1206,3881,728,869,379
-273,858,2355,1200,-1334,4020,512,871,289
-273,858,2355,1177,-1469,3840,385,870,241
-273,858,2355,1150,-1580,4057,303,860,221
-273,858,2355,1069,-1523,3669,231,858,210
214,668,2091,880,-1456,3503,163,853,170
214,668,2091,602,-1596,3510,88,830,117
214,668,2091,552,-1468,3702,15,827,92
214,668,2091,696,-1272,3292,-52,780,77
214,668,2091,696,-1090,3309,-81,705,79
214,668,2091,624,-1018,3288,-1,596,28
552,715,2135,407,-957,3508,175,461,-20
552,715,2135,287,-939,3371,276,373,-65
552,715,2135,399,-913,3311,359,298,-105
552,715,2135,352,-927,3408,316,209,-136
552,715,2135,143,-1108,3270,213,143,-184
552,715,2135,-254,-1400,3394,83,111,-180
624,628,2110,-320,-1492,3499,-23,101,-154
624,628,2110,-344,-1771,3002,19,98,-80
624,628,2110,-316,-1988,3613,136,83,44
624,628,2110,-271,-1787,3428,282,74,144
624,628,2110,-437,-1569,3668,474,82,207
624,628,2110,-468,-1353,3642,617,92,252
735,555,2107,-357,-1287,3439,637,85,507
735,555,2107,-370,-1030,3166,660,45,270
735,555,2107,-381,-999,3130,645,3,252
735,555,2107,-383,-829,2889,619,-71,208
735,555,2107,-305,-833,2853,572,-145,167
735,555,2107,-271,-849,2879,488,-197,139
735,555,2107,-260,-1034,2938,362,-266,100
848,369,1969,-268,-1054,3089,283,-301,85
848,369,1969,-168,-1006,3290,182,-319,52
848,369,1969,-271,-939,3362,89,-314,15
848,369,1969,-138,-734,3216,-13,-280,-40
848,369,1969,-363,-847,3632,-47,-309,-112
848,369,1969,-319,-751,3426,-6,-289,-166
816,374,1947,-296,-1030,3370,100,-297,-175
816,374,1947,-178,-916,3276,181,-319,-203
816,374,1947,-123,-1007,3668,214,-349,-185
816,374,1947,-177,-937,3741,240,-346,-220
816,374,1947,-203,-935,4015,252,-354,-237
816,374,1947,-139,-857,4268,502,-347,-256
679,313,1877,-278,-629,4364,216,-299,-288
679,313,1877,-351,-441,4648,133,-227,-346
679,313,1877,-676,-638,4701,98,-149,-388
679,313,1877,-408,-594,4726,128,-89,-374
679,313,1877,-236,-546,4493,211,253,-385
679,313,1877,-91,-649,4541,313,59,-400
591,306,1847,-218,-646,4353,442,110,-399
591,306,1847,-495,-705,4390,554,155,-393
591,306,1847,-348,-684,4530,607,198,-379
591,306,1847,-174,-552,4201,497,242,-389
591,306,1847,160,-662,3802,132,167,-403
591,306,1847,21,-513,3650,-325,117,-426
591,306,1847,-341,-383,4213,-429,93,-475
651,261,1860,-427,-369,3954,-256,98,-490
651,261,1860,-187,-493,4168,-31,106,-481
651,261,1860,-164,-437,3948,108,109,-473
651,261,1860,-319,-505,4112,209,72,-467
651,261,1860,-288,-582,3800,245,68,-477
651,261,1860,-386,-853,3727,278,73,-484
635,304,1819,-441,-909,3580,428,64,-450
635,304,1819,-348,-742,3734,614,55,-377
635,304,1819,-595,-915,3671,836,63,-324
635,304,1819,-110,-1208,4028,1010,136,-256
635,304,1819,271,-83,4193,931,44,-251
635,304,1819,-333,-1181,3956,919,132,-205
657,73,1672,-462,-640,4945,993,80,-144
657,73,1672,-641,-725,4826,1050,135,-125
657,73,1672,-674,-536,4808,950,216,-81
657,73,1672,-629,-253,4711,815,284,-60
657,73,1672,-562,-274,5255,738,294,-65
657,73,1672,-509,-131,4975,644,348,-48
732,-230,1529,-657,-459,4300,559,363,-19
732,-230,1529,-863,-69,4086,446,390,-10
732,-230,1529,-822,254,3914,269,415,-42
732,-230,1529,-830,184,3740,80,387,-56
732,-230,1529,-827,277,3519,-87,346,-80
732,-230,1529,-907,286,3263,-192,274,-132
732,-230,1529,-824,420,3219,-323,224,-168
901,-287,1597,-944,458,3520,-436,163,-207
901,-287,1597,-953,381,3353,-435,99,-245
901,-287,1597,-884,208,3509,-372,43,-260
901,-287,1597,-925,151,3335,-209,-9,-241
901,-287,1597,-871,103,3135,-20,-67,-217
901,-287,1597,-1099,91,3548,92,-122,-199
933,-186,1611,-1071,165,3530,175,-165,-163
933,-186,1611,-997,161,3536,195,-200,-168
933,-186,1611,-992,180,3547,228,-239,-178
933,-186,1611,-1275,360,3543,176,-254,-192
933,-186,1611,-979,441,3505,122,-284,-202
933,-186,1611,-922,398,3558,12,-315,-223
909,-213,1627,-757,79,3552,-107,-329,-180
909,-213,1627,-880,4,3470,-163,-356,-174
909,-213,1627,-892,-10,3637,-227,-373,-173
909,-213,1627,-725,-173,3769,-225,-392,-162
909,-213,1627,-696,-182,3756,-222,-403,-139
909,-213,1627,-671,-272,3800,-153,-399,-87
809,-149,1571,-548,-255,3989,-73,-408,-61
809,-149,1571,-627,-239,4069,-52,-416,238
809,-149,1571,-606,-200,3914,-101,-401,17
809,-149,1571,-656,-226,4174,-185,-399,9
809,-149,1571,-659,-185,4331,-266,-417,-3
809,-149,1571,-747,-165,4343,-280,-393,-22
809,-149,1571,-688,-166,4388,-253,-361,-32
700,-71,1558,-1018,-251,4330,-225,-355,-45
700,-71,1558,-695,-327,4352,-173,-331,-57
700,-71,1558,-762,-378,4288,-103,-321,-53
700,-71,1558,-746,-316,4306,5,-303,-39
700,-71,1558,-685,-337,4312,48,-301,-20
700,-71,1558,-613,-329,4353,86,-287,-23
643,-42,1633,-531,-391,4396,141,-294,-14
643,-42,1633,-549,-433,4447,187,-282,-1
643,-42,1633,-515,-339,4431,218,-257,5
643,-42,1633,-696,-183,4378,219,-245,30
643,-42,1633,-506,-34,4491,183,-231,41
643,-42,1633,-523,-23,4543,107,-195,49
610,-88,1589,-464,74,4427,6,-162,18
610,-88,1589,-455,97,4430,-96,-120,-30
610,-88,1589,-452,176,4283,-159,-95,-73
610,-88,1589,-564,226,4312,-139,-65,-104
610,-88,1589,-558,160,4279,-205,-44,-150
610,-88,1589,-431,59,4195,-237,-21,-184
610,-88,1589,-500,-60,4174,-288,26,-237
623,-2,1608,-526,-90,4136,-290,43,-267
623,-2,1608,-516,-230,4111,-284,55,-306
623,-2,1608,-419,-281,4029,-255,57,-322
623,-2,1608,-481,-285,4139,-169,35,-305
623,-2,1608,-520,-222,4082,-11,51,-301
623,-2,1608,-629,-503,4064,144,44,-294
611,59,1667,-737,-301,4115,246,43,-279
611,59,1667,-667,-411,4121,293,45,-278
611,59,1667,-533,-580,4003,321,38,-295
611,59,1667,-608,-594,3949,364,23,-275
611,59,1667,-483,-643,3946,357,-2,-276
611,59,1667,-505,-685,3874,374,-10,-263
620,-45,1602,-749,-412,4123,412,-58,-243
620,-45,1602,-443,-595,4312,348,-45,-219
620,-45,1602,-704,-536,4200,291,-77,-192
620,-45,1602,-357,-301,4056,298,-21,-148
620,-45,1602,-660,-888,4046,415,-95,-136
620,-45,1602,-666,-481,4115,427,-29,-108
635,-140,1565,-614,-207,4140,401,-47,-106
635,-140,1565,-688,-83,4329,332,-31,-113
635,-140,1565,-818,-122,4260,177,11,-105
635,-140,1565,-760,-342,4140,-27,34,-112
635,-140,1565,-662,-62,4115,-186,49,-119
635,-140,1565,-857,-107,4216,-328,87,-130
635,-140,1565,-802,-433,4342,-534,124,-139
671,-149,1609,-805,-303,4288,-680,173,-148
671,-149,1609,-806,-444,4087,-693,216,-145
671,-149,1609,-838,-514,4123,-626,229,-88
671,-149,1609,-730,-642,3961,-525,234,-57
671,-149,1609,-702,-640,3819,-360,229,-30
671,-149,1609,-781,-661,3911,-219,195,-11
763,111,1720,-802,-686,4002,-152,162,-20
763,111,1720,-868,-650,3893,-83,137,-35
763,111,1720,-964,-612,4046,-107,102,-49
763,111,1720,-1038,-526,3936,-171,75,-56
763,111,1720,-1152,-564,3971,-273,45,-63
763,111,1720,-1219,-513,3847,-332,26,-79
824,153,1755,-1237,-522,3883,-335,13,-70
824,153,1755,-1479,-552,4003,-287,-5,-62
824,153,1755,-1170,-604,3795,-213,-22,-19
824,153,1755,-1155,-577,3764,-143,-53,30
824,153,1755,-1006,-542,3764,-102,-70,67
824,153,1755,-994,-500,3837,-71,-113,100
882,196,1832,-940,-428,3623,-80,-144,127
882,196,1832,-904,-408,3816,-56,-161,129
882,196,1832,-876,-390,3864,-53,-188,137
882,196,1832,-823,-415,3756,-46,-201,127
882,196,1832,-806,-468,3908,-130,-212,105
882,196,1832,-716,-576,3838,-212,-217,89
882,196,1832,-634,-677,3942,-297,-215,73
930,184,1842,-648,-772,3943,-341,-203,74
930,184,1842,-624,-866,3933,-318,-189,82
930,184,1842,-547,-917,3989,-269,-173,148
930,184,1842,-573,-929,3908,-168,-155,181
930,184,1842,-596,-814,4223,-102,-113,175
930,184,1842,-654,-714,4369,-92,-68,159
990,263,1928,-693,-493,4379,-51,-27,128
990,263,1928,-1164,-608,3946,-11,-11,116
990,263,1928,-1343,-1057,3932,82,-11,148
990,263,1928,-1597,-1205,3881,75,-94,212
990,263,1928,-1306,-1054,4100,-91,-7,218
990,263,1928,-1258,-724,4280,-246,10,169
1038,244,1928,-1062,-562,4415,-293,49,113
1038,244,1928,-779,-341,4394,-224,92,113
1038,244,1928,-819,-113,4068,-116,119,64
1038,244,1928,-1173,14,3809,-22,112,-29
1038,244,1928,-1327,21,3538,84,61,-116
1038,244,1928,-1286,-290,3550,204,38,-146
1038,258,1990,-1272,-566,3658,285,31,-164
1099,258,1990,-1087,-679,3689,373,17,-173
1099,258,1990,-1012,-998,3750,528,-11,-153
1099,258,1990,-1155,-968,3630,674,-56,-113
1099,258,1990,-1200,-888,3815,811,-124,23
1099,258,1990,-1099,-691,4219,972,-132,78
1099,258,1990,-1019,-709,4503,994,-101,116
1153,105,1824,-804,-400,4345,842,-104,129
1153,105,1824,-1221,-150,4599,416,-90,63
1153,105,1824,-936,-144,4613,-42,-66,1
1153,105,1824,-707,-157,4396,-246,-58,-15
1153,105,1824,-765,49,4289,-230,-82,-28
1153,105,1824,-946,148,3692,-47,-98,-43
1181,42,1848,-1235,309,3629,199,-117,-50
1181,42,1848,-1351,565,3196,506,-131,-57
1181,42,1848,-1179,187,2690,919,-183,-27
1181,42,1848,-1283,121,2728,1476,-245,30
1181,42,1848,-40,1090,-980,1775,-170,13
1181,42,1848,-1592,300,3377,1685,-315,-7
1172,-337,1653,-824,-137,4285,1644,-306,12
1172,-337,1653,-1268,474,3544,1174,-213,-38
1172,-337,1653,-863,337,3359,774,-182,-103
1172,-337,1653,-1064,190,3555,565,-215,-115
1172,-337,1653,-918,264,3579,303,-199,-158
1172,-337,1653,-907,677,3398,121,-201,-204
1172,-337,1653,-983,298,4086,-31,-219,-218
1118,-556,1497,-1107,369,4345,-166,-214,-267
1118,-556,1497,-1265,385,4161,-212,-151,-303
1118,-556,1497,-1131,227,4258,-75,-125,-287
1118,-556,1497,-1041,1479,3325,280,-116,-2
1118,-556,1497,-1251,1591,3398,618,-175,-263
1118,-556,1497,-1163,1653,3220,862,-235,-316
1085,-533,1548,-848,62,3072,1032,-290,-325
1085,-533,1548,-887,-507,2993,1252,-417,-229
1085,-533,1548,-941,-676,2756,1374,-513,-103
1085,-533,1548,-894,-353,2860,1317,-601,-3
1085,-533,1548,-1006,621,3472,911,-641,30
1085,-533,1548,-853,1321,4231,244,-614,-79
944,-882,1399,-411,2145,4680,-528,-563,-160
944,-882,1399,-295,2099,4270,-1119,-529,-314
944,-882,1399,-105,2001,3818,-1103,-490,-396
944,-882,1399,-614,1328,4468,-909,-445,-434
944,-882,1399,-950,684,4374,-655,-422,-455
944,-882,1399,-1128,410,4485,-496,-362,-439
795,-584,1445,-1089,487,4655,-228,-337,-419
795,-584,1445,-792,14,4767,510,-333,-351
795,-584,1445,-557,229,5180,766,-307,-260
795,-584,1445,-674,480,5277,1171,-296,-151
795,-584,1445,-513,437,4934,1473,-286,-66
795,-584,1445,-634,394,4432,1732,-305,86
795,-584,1445,-673,421,3772,1950,-361,167
668,-935,1319,-801,641,3506,2053,-448,238
668,-935,1319,-790,1146,3518,2063,-503,282
668,-935,1319,-728,1434,3692,2037,-509,313
668,-935,1319,-517,1719,3854,1911,-485,313
668,-935,1319,-496,2156,3794,1755,-472,288
668,-935,1319,-413,2373,3602,1605,-459,217
581,-1651,1272,-559,2436,3679,1438,-401,130
581,-1651,1272,-350,2572,3810,1237,-386,9
581,-1651,1272,-374,2728,3997,902,-307,-130
581,-1651,1272,-373,3015,4366,504,-246,-287
581,-1651,1272,-277,2640,4429,185,-154,-439
581,-1651,1272,-395,2593,4593,83,-59,-277
488,-1941,1248,-372,2506,4373,183,19,-541
488,-1941,1248,-174,2378,4317,325,95,-567
488,-1941,1248,-213,1683,4200,443,141,-565
488,-1941,1248,-343,1725,3550,553,107,-462
488,-1941,1248,-62,1072,3765,641,-2,-408
488,-1941,1248,-420,764,3413,842,20,-232
488,-2197,1261,-444,2754,3131,1054,-75,-90
603,-2112,1261,121,3187,3664,1398,-89,60
603,-2112,1261,-649,2992,3149,1683,-181,114
603,-2112,1261,-824,3214,3425,1775,-128,74
603,-2112,1261,-928,3364,1966,1742,-144,53
603,-2112,1261,-1274,4558,3646,1730,-322,-48
603,-2112,1261,1548,3874,3741,1393,-16,-81
583,-2653,1459,211,2911,2878,1233,-264,-74
583,-2653,1459,47,2609,1227,790,3,-74
583,-2653,1459,-326,2856,1882,726,-11,-168
583,-2653,1459,-565,3123,2978,461,96,-480
583,-2653,1459,-716,3368,3465,272,18,-496
583,-2653,1459,3420,1133,12276,502,-120,-508
583,-2897,1550,-118,2966,11069,277,-506,-465
583,-2897,1550,8,2090,1709,505,-185,-198
583,-2897,1550,1025,2371,-2212,1122,222,118
583,-2897,1550,-1258,1228,1503,1189,-183,29
583,-2897,1550,-619,1969,2895,1308,-259,108
583,-2897,1550,-852,2502,2511,1383,-304,200
576,-3180,1689,-630,2740,1686,1461,-292,323
576,-3180,1689,-44,2919,1371,1450,-236,426
576,-3180,1689,-198,3266,1867,1372,-282,467
576,-3180,1689,-5,3478,1794,1305,-265,491
576,-3180,1689,-179,3695,1665,1337,-239,511
576,-3180,1689,-84,3938,1550,1318,-209,513
576,-3180,1689,-85,3765,2020,1265,-240,482
370,-3665,2035,195,4423,2288,1203,-290,452
370,-3665,2035,790,6022,4496,1405,-382,329
370,-3665,2035,-121,5322,1572,1067,-243,342
370,-3665,2035,-443,5192,1252,957,-112,285
370,-3665,2035,248,4352,1093,980,-141,212
370,-3665,2035,120,4048,1414,994,-136,153
255,-3928,2250,184,4196,1147,984,-139,127
255,-3928,2250,206,4306,735,981,-87,95
255,-3928,2250,84,4070,700,974,-75,84
255,-3928,2250,-233,3203,367,1059,-120,106
255,-3928,2250,472,4218,348,1043,-178,48
255,-3928,2250,178,3808,603,1254,-231,41
150,-4151,2573,254,4079,480,961,-247,49
150,-4151,2573,255,4153,298,916,-239,60
150,-4151,2573,108,4134,371,946,-227,62
150,-4151,2573,235,4021,354,1019,-223,117
150,-4151,2573,365,3855,542,1097,-205,149
150,-4151,2573,665,3949,173,1205,-223,183
79,-4300,2907,69,4415,-163,1297,-197,215
79,-4300,2907,380,4268,382,1430,-6,210
79,-4300,2907,876,4298,-241,1418,-247,211
79,-4300,2907,761,4057,-1290,1425,-255,280
79,-4300,2907,830,3210,487,1235,-380,222
79,-4300,2907,322,6600,1586,1051,-193,142
79,-4300,2907,641,4673,2156,1505,-402,80
-84,-4488,3402,1373,5213,-1328,1118,34,137
-84,-4488,3402,-431,3923,-2001,1328,-446,42
-84,-4488,3402,3689,6483,14556,1284,-1922,-301
-84,-4488,3402,541,5841,-4074,336,-395,172
-84,-4488,3402,-3719,367,2705,997,-840,-81
-84,-4488,3402,-135,5763,-2775,530,-237,162
-273,-4595,3866,647,3505,-633,546,-59,17
-273,-4595,3866,312,2732,-206,457,-36,180
-273,-4595,3866,782,3210,-856,391,246,16
-273,-4595,3866,599,3525,-941,417,27,0
-273,-4595,3866,669,3695,-1301,392,19,11
-273,-4595,3866,746,3858,-1568,425,43,29
-282,-4632,3955,748,3836,-1393,514,21,24
-282,-4632,3955,752,3742,-1339,662,88,25
-282,-4632,3955,731,3755,-1490,820,32,75
-282,-4632,3955,920,3670,-1771,930,29,84
-282,-4632,3955,963,3821,-1918,946,-31,95
-282,-4632,3955,904,3708,-2201,962,-59,93
-282,-4632,3955,979,3589,-2112,964,-93,107
-383,-4616,4292,968,3505,-2307,982,-121,127
-383,-4616,4292,1019,3545,-2446,995,-133,168
-383,-4616,4292,1006,3512,-2493,930,-129,161
-383,-4616,4292,1104,3356,-2527,877,-145,172
-383,-4616,4292,1058,3230,-2647,863,-195,166
-383,-4616,4292,1113,3083,-2607,839,-226,195
-490,-4599,4582,1213,3049,-2694,869,-254,222
-490,-4599,4582,1240,2999,-2651,899,-260,246
-490,-4599,4582,1283,3003,-2683,901,-274,270
-490,-4599,4582,1155,2867,-2662,969,-284,309
-490,-4599,4582,1213,2739,-2612,1070,-304,339
-490,-4599,4582,1255,2629,-2315,1201,-311,405
-620,-4495,4978,1183,2713,-2723,1257,-310,442
-620,-4495,4978,1254,2818,-2681,1296,-314,448
-620,-4495,4978,1270,2842,-2839,1313,-315,409
-620,-4495,4978,1291,2773,-3079,1311,-322,389
-620,-4495,4978,1181,2689,-3221,1322,-340,381
-620,-4495,4978,1176,2740,-3343,1326,-348,386
-803,-4315,5437,1131,2995,-3166,1311,-369,359
-803,-4315,5437,1153,2755,-3556,1314,-394,309
-803,-4315,5437,1272,2506,-3350,1337,-445,288
-803,-4315,5437,879,2051,-3295,1360,-530,269
-803,-4315,5437,1160,2684,-2971,1394,-465,243
-803,-4315,5437,1230,2357,-2965,1391,-513,250
-803,-4315,5437,1294,2358,-2926,1410,-486,238
-885,-4068,5898,1186,2099,-2879,1443,-442,221
-885,-4068,5898,1209,1980,-2967,1455,-401,200
-885,-4068,5898,999,1735,-2594,1424,-342,192
-885,-4068,5898,1046,1482,-3140,1332,-316,173
-885,-4068,5898,1084,1422,-3597,1150,-286,171
-885,-4068,5898,1022,1226,-3682,993,-281,153
-937,-3721,6264,1035,1005,-3367,915,-291,141
-937,-3721,6264,1147,881,-3714,898,-273,153
-937,-3721,6264,1424,1163,-4016,933,-262,155
-937,-3721,6264,892,979,-3344,1005,-285,170
-937,-3721,6264,854,766,-3213,1063,-223,122
-937,-3721,6264,908,792,-3787,1137,-200,165
-969,-3401,6534,918,750,-3499,1310,-233,230
-969,-3401,6534,789,-36,-3970,1551,-122,237
-969,-3401,6534,182,839,-1037,1599,-354,261
-969,-3401,6534,1178,592,-3692,1569,-250,250
-969,-3401,6534,1165,217,-3596,1580,-274,486
-969,-3401,6534,973,157,-4096,1630,-324,293
-969,-2895,6860,894,106,-4201,1684,-316,318
-1050,-2895,6860,861,139,-3997,1709,-272,270
-1050,-2895,6860,727,66,-3863,1684,-301,243
-1050,-2895,6860,850,-274,-4326,1670,-302,235
-1050,-2895,6860,702,-159,-3746,1724,-292,254
-1050,-2895,6860,723,-387,-3866,1815,-321,246
-1050,-2895,6860,827,-649,-4172,1945,-317,214
-1013,-2273,7137,808,-1110,-4307,1985,-366,223
-1013,-2273,7137,985,-1375,-4156,2052,-391,248
-1013,-2273,7137,773,-1284,-4080,1977,-398,237
-1013,-2273,7137,880,-1266,-3702,1851,-397,200
-1013,-2273,7137,923,-1567,-3759,1699,-419,160
-1013,-2273,7137,676,-1506,-3881,1587,-385,129
-948,-1579,7275,706,-1938,-3875,1491,-364,106
-948,-1579,7275,698,-1829,-3396,1462,-641,103
-948,-1579,7275,975,-1837,-3412,1492,-551,70
-948,-1579,7275,721,-1779,-3414,1526,-388,48
-948,-1579,7275,-64,8520,-15544,1540,-330,307
-948,-1579,7275,423,-1791,-6295,1717,28,34
-815,-1011,7257,205,301,-2124,1841,-685,38
-815,-1011,7257,470,114,-5704,2093,-283,184
-815,-1011,7257,915,-1404,-2743,2182,-392,51
-815,-1011,7257,456,-2194,-2341,2237,-500,-41
-815,-1011,7257,211,-2167,-3244,2315,-567,-53
-815,-1011,7257,53,-3557,-2827,2417,-718,-249
-815,-1011,7257,145,-2973,-2323,2520,-839,-83
-623,-359,7034,0,-3050,-2409,2534,-822,-99
-623,-359,7034,96,-3150,-2287,2605,-829,-109
-623,-359,7034,-202,-4156,-1025,2591,-866,-87
-623,-359,7034,325,-3814,-1920,2576,-905,-67
-623,-359,7034,957,-4253,-777,2471,-1011,-64
-623,-359,7034,-9025,-12955,-4508,2608,-2460,527
-296,392,6579,8162,-1644,7732,1133,174,-176
-296,392,6579,-3651,-4921,-4638,1178,-477,-320
-296,392,6579,-326,-4432,-832,873,-335,-169
-296,392,6579,2524,-7576,3593,1267,-494,-38
-296,392,6579,-3562,-5038,3635,1183,-114,32
-296,392,6579,304,-3840,-1122,1015,-371,-94
-225,685,6295,-152,-4332,-1903,956,-255,-92
-225,685,6295,-2638,-9932,1541,1243,169,179
-225,685,6295,-776,-4556,-1933,987,-376,-152
-225,685,6295,296,-3794,-739,901,-305,-30
-225,685,6295,285,-4195,-126,873,-368,-48
-225,685,6295,-245,-5391,-657,857,-279,4
-209,900,5980,416,-4775,838,820,-356,92
-209,900,5980,7662,-4816,-3577,930,-297,289
-209,900,5980,15,-4341,140,1048,-457,211
-209,900,5980,-475,-4907,568,1215,-289,183
-209,900,5980,-10,-7530,4416,1163,-206,311
-209,900,5980,-1257,-5187,-1207,1370,-239,324
-209,900,5980,-3171,-3377,232,1352,-673,575
-72,1116,5641,-6827,-9732,1970,1745,-314,803
-72,1116,5641,3251,-3957,-471,1773,261,549
-72,1116,5641,-667,-2187,286,1673,-41,106
-72,1116,5641,538,-1484,-418,1385,-42,66
-72,1116,5641,329,-3581,-1499,1203,-141,44
-72,1116,5641,2,-3712,-8,1107,-139,-2
87,1305,5134,-323,-3900,850,990,-101,61
87,1305,5134,-213,-4592,1438,989,-206,28
87,1305,5134,-78,-4090,1211,837,-191,-14
87,1305,5134,-460,-4468,767,718,-188,-21
87,1305,5134,-137,-4363,1262,659,-228,6
87,1305,5134,-723,-4433,1035,588,-234,13
146,1364,4818,-595,-4341,384,483,-206,36
146,1364,4818,-845,-3640,542,307,-340,8
146,1364,4818,-543,-3751,920,-181,-490,52
146,1364,4818,687,-3359,-419,-24,-229,51
146,1364,4818,21,-3866,591,10,-300,61
146,1364,4818,312,-3800,1087,1,-334,73
196,1378,4758,284,-3536,1316,15,-387,35
196,1378,4758,389,-3392,1433,25,-436,-7
196,1378,4758,220,-3296,1405,36,-457,-55
196,1378,4758,10,-3320,1485,47,-470,-70
196,1378,4758,-506,-2466,652,-46,-509,-59
196,1378,4758,84,-3272,1818,68,-552,-81
196,1378,4758,-155,-3393,1294,205,-539,-104
249,1367,4803,-217,-3343,1636,307,-539,-153
249,1367,4803,-282,-3336,1681,292,-553,-201
249,1367,4803,-599,-3267,1463,215,-508,-263
249,1367,4803,-654,-3152,1633,121,-450,-354
249,1367,4803,-591,-3509,1567,11,-419,-421
249,1367,4803,-484,-3462,1679,-199,-376,-513
149,1366,4767,-163,-3627,1841,-411,-321,-512
149,1366,4767,37,-4244,1109,-635,-223,-538
149,1366,4767,-154,-3756,1955,-831,-272,-565
149,1366,4767,105,-3433,1573,-910,-217,-626
149,1366,4767,456,-3516,1437,-851,-228,-626
149,1366,4767,491,-3465,1351,-681,-247,-602
-40,1291,5054,511,-3293,1178,-416,-308,-587
-40,1291,5054,460,-3476,1092,-161,-333,-572
-40,1291,5054,613,-3623,1058,112,-385,-535
-40,1291,5054,628,-3568,1360,289,-406,-528
-40,1291,5054,583,-3537,1412,394,-398,-525
-40,1291,5054,528,-3416,1336,335,-360,-563
-40,1291,5054,543,-2930,829,150,-300,-631
-243,1316,5028,726,-3114,1225,-105,-268,-706
-243,1316,5028,904,-3334,1235,-367,-195,-794
-243,1316,5028,1217,-3297,1280,-596,-158,-882
-243,1316,5028,989,-3783,800,-731,-155,-924
-243,1316,5028,1123,-3937,660,-782,-166,-942
-243,1316,5028,1114,-4014,504,-737,-181,-930
-537,1288,5231,1510,-3966,665,-577,-179,-902
-537,1288,5231,1679,-3743,519,-405,-160,-914
-537,1288,5231,1955,-3301,223,-195,-185,-944
-537,1288,5231,2204,-3732,-681,-106,-291,-1024
-537,1288,5231,2486,-3178,-93,32,-374,-1115
-537,1288,5231,2121,-3883,119,188,-477,-1095
-858,1166,5371,1433,-4475,-282,263,-501,-1058
-858,1166,5371,1194,-4378,-534,272,-512,-1056
-858,1166,5371,1508,-4499,-223,126,-494,-1020
-858,1166,5371,1528,-4824,-214,-64,-486,-972
-858,1166,5371,1597,-5061,-259,-267,-469,-906
-858,1166,5371,1723,-5135,-118,-427,-458,-853
-858,1166,5371,2026,-5192,-171,-493,-444,-771
-1112,1039,5407,2409,-5451,129,-532,-483,-672
-1112,1039,5407,2263,-5559,-14,-524,-480,-550
-1112,1039,5407,2372,-5504,482,-511,-467,-464
-1112,1039,5407,2258,-5284,205,-564,-462,-375
-1112,1039,5407,2178,-5175,-365,-573,-464,-302
-1112,1039,5407,2144,-5232,-128,-564,-510,-232
-1217,889,5618,2033,-5099,-265,-565,-535,-168
-1217,889,5618,1837,-4931,-401,-551,-596,-154
-1217,889,5618,2043,-4848,-299,-620,-640,-122
-1217,889,5618,1989,-4775,-182,-693,-688,-92
-1217,889,5618,2089,-4745,-144,-707,-702,-71
-1217,889,5618,2141,-4739,-36,-643,-718,-37
-1099,777,5956,2130,-4615,7,-542,-698,23
-1099,777,5956,2211,-4543,88,-465,-668,73
-1099,777,5956,2139,-4435,89,-377,-639,124
-1099,777,5956,2110,-4546,249,-292,-601,171
-1099,777,5956,1940,-4319,45,-205,-571,227
-1099,777,5956,1826,-4510,136,-218,-524,283
-1099,777,5956,1690,-4254,96,-175,-494,308
-935,693,6137,1546,-4164,141,-196,-477,307
-935,693,6137,1653,-4113,298,-200,-418,325
-935,693,6137,1748,-4376,510,-176,-359,376
-935,693,6137,1553,-4171,441,-145,-259,393
-935,693,6137,1506,-3954,612,-114,-171,432
-935,693,6137,1359,-3838,858,101,-25,497
-757,707,6226,1031,-3649,674,386,123,559
-757,707,6226,1049,-3217,259,571,219,588
-757,707,6226,939,-2969,65,599,251,570
-757,707,6226,1379,-2973,207,695,250,552
-757,707,6226,1723,-3226,220,723,240,498
-757,707,6226,1537,-3210,229,798,212,414
-628,885,6047,1833,-3337,1141,902,193,379
-628,885,6047,1540,-2866,704,1073,297,362
-628,885,6047,1431,-3319,4259,1297,377,369
-628,885,6047,1699,-2743,1203,1773,469,267
-628,885,6047,1429,-3255,1825,2223,517,187
-628,885,6047,1485,-3209,1889,2395,622,95
-628,885,6047,1222,-3299,2555,2282,785,-34
-629,1215,5416,1017,-3955,1979,1723,1002,-116
-629,1215,5416,24,-3380,-1305,1340,963,-149
-629,1215,5416,1389,-3367,2541,1325,1209,-234
-629,1215,5416,959,-4035,3489,1511,1239,-221
-629,1215,5416,1519,-3607,1783,1695,1258,-208
-629,1215,5416,1810,-3670,1789,1810,1272,-212
-773,1351,4685,2031,-4386,1601,1756,1223,-195
-773,1351,4685,1816,-4443,983,1700,1181,-197
-773,1351,4685,1698,-4176,1187,1709,1112,-169
