xmag,ymag,zmag,xaccel,yaccel,zaccel,xgyro,ygyro,zgyro
-1093,-1272,7231,-281,275,-4052,37,-115,-100
-1108,-1250,7247,-254,298,-4068,38,-103,-106
-1108,-1250,7247,-180,312,-4016,60,-109,-125
-1108,-1250,7247,-227,349,-4030,43,-117,-137
-1108,-1250,7247,-192,344,-4039,56,-108,-97
-1108,-1250,7247,-482,356,-4018,58,-114,-120
-1108,-1250,7247,-248,380,-4059,47,-104,-125
-1108,-1250,7247,-236,348,-4022,42,-118,-109
-1108,-1250,7247,-309,340,-4000,34,-112,-119
-1108,-1250,7247,-307,355,-4044,53,-110,-133
-1095,-1267,7255,-241,355,-4031,40,-106,-109
-1095,-1267,7255,-215,370,-4057,47,-110,-112
-1095,-1267,7255,-232,340,-4086,40,-96,-121
-1095,-1267,7255,-233,349,-4071,49,-106,-118
-1095,-1267,7255,-199,348,-4035,41,-113,-116
-1095,-1267,7255,-216,354,-4041,33,-109,-122
-1095,-1267,7255,-195,349,-4065,44,-118,-118
-1095,-1267,7255,-23,290,-4059,24,-114,-131
-1095,-1267,7255,-259,335,-4150,25,-103,-135
-1080,-1267,7243,-229,343,-4000,42,-105,-91
-1080,-1267,7243,-223,336,-4026,52,-106,-101
-1080,-1267,7243,-205,375,-4057,48,-122,-119
-1080,-1267,7243,-234,358,-4083,38,-110,-111
-1080,-1267,7243,-202,362,-3957,39,-114,-123
-1080,-1267,7243,-223,311,-4108,37,-99,-117
-1080,-1267,7243,-245,325,-3972,43,-108,-105
-1080,-1267,7243,-263,331,-4042,50,-114,-119
-1080,-1267,7243,-236,366,-4027,52,-112,-112
-1072,-1252,7281,-207,311,-4011,35,-112,-122
-1072,-1252,7281,-200,402,-4101,43,-110,-130
-1072,-1252,7281,-243,373,-3855,41,-113,-131
-1072,-1252,7281,-179,389,-4062,55,-113,-107
-1072,-1252,7281,-226,306,-4089,29,-114,-127
-1072,-1252,7281,-208,282,-4078,49,-110,-116
-1072,-1252,7281,-210,304,-4054,54,-109,-112
-1072,-1252,7281,-255,415,-4398,41,-115,-117
-1072,-1252,7281,-294,460,-3770,59,-123,-122
-1072,-1252,7281,-446,324,-3802,56,-103,-114
-1095,-1266,7238,-291,263,-4122,41,-111,-120
-1095,-1266,7238,-227,129,-4058,30,-100,-110
-1095,-1266,7238,-45,479,-3892,33,-109,-112
-1095,-1266,7238,-187,451,-4178,38,-118,-131
-1095,-1266,7238,-128,542,-3853,57,-120,-136
-1095,-1266,7238,-214,372,-3930,72,-115,-111
-1095,-1266,7238,-322,226,-4086,37,-118,-113
-1095,-1266,7238,-429,223,-4034,58,-115,-112
-1095,-1266,7238,-429,351,-3824,25,-97,-96
-1082,-1249,7245,-248,376,-4086,10,-112,-122
-1082,-1249,7245,-80,352,-4284,35,-88,-134
-1082,-1249,7245,-32,374,-3955,26,-107,-111
-1082,-1249,7245,-200,415,-4044,52,-114,-121
-1082,-1249,7245,-304,380,-4082,52,-102,-126
-1082,-1249,7245,-321,283,-3879,42,-110,-113
-1082,-1249,7245,-375,304,-3989,41,-116,-118
-1082,-1249,7245,-319,217,-4083,53,-116,-131
-1082,-1249,7245,-163,299,-3988,62,-115,-128
-1079,-1228,7271,-148,457,-4090,54,-115,-124
-1079,-1228,7271,-175,511,-4130,64,-114,-132
-1079,-1228,7271,-229,364,-4056,44,-109,-121
-1079,-1228,7271,-290,344,-3884,50,-113,-119
-1079,-1228,7271,-247,247,-4119,50,-116,-114
-1079,-1228,7271,-167,295,-4093,47,-109,-112
-1079,-1228,7271,-298,428,-3988,65,-112,-120
-1079,-1228,7271,-281,405,-3932,49,-117,-105
-1079,-1228,7271,-233,283,-4045,40,-106,-107
-1110,-1240,7266,-159,301,-4044,39,-105,-103
-1110,-1240,7266,-180,406,-4059,45,-109,-108
-1110,-1240,7266,-222,404,-3973,44,-115,-103
-1110,-1240,7266,-244,402,-3975,36,-104,-107
-1110,-1240,7266,-245,311,-4035,37,-109,-112
-1110,-1240,7266,-278,198,-4077,63,-115,-118
-1110,-1240,7266,-328,236,-3937,63,-110,-113
-1110,-1240,7266,-261,402,-4052,55,-109,-121
-1110,-1240,7266,-143,450,-4091,41,-119,-113
-1095,-1261,7255,-117,392,-4153,50,-115,-122
-1095,-1261,7255,-137,371,-4036,41,-117,-131
-1095,-1261,7255,-217,279,-4018,43,-118,-116
-1095,-1261,7255,-368,274,-4018,57,-101,-120
-1095,-1261,7255,-339,315,-3982,45,-103,-110
-1095,-1261,7255,-244,390,-4054,41,-111,-103
-1095,-1261,7255,-169,343,-4015,47,-107,-111
-1095,-1261,7255,-156,402,-4107,50,-104,-113
-1095,-1261,7255,-159,361,-4111,35,-109,-101
-1109,-1260,7251,-217,317,-3950,46,-107,-103
-1109,-1260,7251,-286,320,-4023,43,-113,-102
-1109,-1260,7251,-283,317,-3965,62,-108,-113
-1109,-1260,7251,-254,337,-4120,53,-115,-107
-1109,-1260,7251,-255,354,-4039,60,-107,-122
-1109,-1260,7251,-312,396,-3948,37,-110,-123
-1109,-1260,7251,-217,317,-4070,50,-111,-132
-1109,-1260,7251,-256,280,-4066,45,-105,-110
-1109,-1260,7251,-148,330,-4085,45,-114,-103
-1098,-1224,7249,-202,364,-4035,53,-106,-123
-1098,-1224,7249,-275,399,-4307,58,-102,-120
-1098,-1224,7249,-293,377,-4004,44,-113,-100
-1098,-1224,7249,-246,316,-4017,43,-105,-111
-1098,-1224,7249,-242,260,-4045,55,-95,-98
-1098,-1224,7249,-260,286,-4022,46,-114,-100
-1098,-1224,7249,-192,360,-4034,32,-104,-105
-1098,-1224,7249,-160,392,-4099,60,-109,-115
-1098,-1224,7249,-201,391,-4065,31,-116,-115
-1098,-1224,7249,-252,312,-4050,35,-110,-118
-1114,-1232,7249,-315,238,-4096,34,-112,-116
-1114,-1232,7249,-284,301,-3971,46,-110,-106
-1114,-1232,7249,-269,360,-3992,54,-109,-118
-1114,-1232,7249,-239,376,-4108,48,-103,-121
-1114,-1232,7249,-208,340,-4042,35,-111,-121
-1114,-1232,7249,-213,331,-4036,52,-113,-127
-1114,-1232,7249,-168,308,-3961,44,-134,-126
-1114,-1232,7249,-313,355,-4237,51,-106,-109
-1114,-1232,7249,-300,410,-3887,63,-109,-119
-1114,-1220,7241,-257,299,-3902,19,-105,-118
-1114,-1220,7241,-290,300,-4281,31,-111,-113
-1114,-1220,7241,-252,320,-4122,37,-106,-102
-1114,-1220,7241,-194,376,-3675,48,-94,-95
-1114,-1220,7241,-275,365,-4264,29,-104,-97
-1114,-1220,7241,-148,342,-4109,57,-102,-99
-1114,-1220,7241,-119,315,-3894,51,-108,-104
-1114,-1220,7241,-248,436,-4148,20,-108,-120
-1114,-1220,7241,-295,311,-4192,71,-119,-124
-1065,-1254,7252,-252,353,-3786,60,-113,-125
-1065,-1254,7252,-309,261,-4225,50,-105,-120
-1065,-1254,7252,-240,329,-4058,57,-110,-119
-1065,-1254,7252,-205,347,-3795,51,-102,-112
-1065,-1254,7252,-177,491,-4153,39,-113,-118
-1065,-1254,7252,-123,313,-4184,42,-104,-118
-1065,-1254,7252,-195,335,-3904,26,-112,-110
-1065,-1254,7252,-365,323,-4042,48,-109,-127
-1065,-1254,7252,-305,259,-4093,50,-102,-101
-1093,-1260,7281,-293,323,-3945,45,-106,-88
-1093,-1260,7281,-252,434,-4115,51,-124,-91
-1093,-1260,7281,-225,349,-3862,41,-119,-88
-1093,-1260,7281,-184,316,-3939,46,-112,-105
-1093,-1260,7281,-193,387,-3987,46,-114,-116
-1093,-1260,7281,-213,313,-4063,36,-113,-109
-1093,-1260,7281,-278,314,-4066,59,-117,-117
-1093,-1260,7281,-323,353,-3944,50,-105,-120
-1093,-1260,7281,-479,302,-4086,78,-110,-130
-1076,-1249,7310,-184,278,-4100,50,-110,-129
-1076,-1249,7310,-223,413,-4006,32,-109,-130
-1076,-1249,7310,-282,368,-3978,62,-114,-130
-1076,-1249,7310,-216,334,-4071,56,-108,-131
-1076,-1249,7310,-172,352,-4106,49,-106,-123
-1076,-1249,7310,-312,334,-4008,45,-118,-105
-1076,-1249,7310,-281,303,-3944,49,-119,-87
-1076,-1249,7310,-289,339,-4002,51,-117,-92
-1076,-1249,7310,-218,356,-4051,44,-108,-102
-1094,-1248,7262,-203,289,-4036,60,-117,-120
-1094,-1248,7262,-201,351,-4033,28,-106,-120
-1094,-1248,7262,-219,399,-3892,40,-113,-109
-1094,-1248,7262,-186,344,-4027,65,-112,-115
-1094,-1248,7262,-7,314,-4110,50,-105,-114
-1094,-1248,7262,-281,347,-3894,57,-110,-120
-1094,-1248,7262,-261,331,-3960,62,-109,-118
-1094,-1248,7262,-263,325,-4122,47,-105,-111
-1094,-1248,7262,-220,358,-4042,31,-101,-116
-1055,-1244,7248,-209,347,-4017,40,-121,-128
-1055,-1244,7248,-204,374,-4128,45,-110,-104
-1055,-1244,7248,-180,326,-4050,43,-104,-97
-1055,-1244,7248,-229,287,-4026,33,-106,-106
-1055,-1244,7248,-255,305,-4039,54,-107,-113
-1055,-1244,7248,-270,358,-3935,45,-107,-123
-1055,-1244,7248,-261,375,-3949,37,-113,-125
-1055,-1244,7248,-231,313,-4054,49,-112,-129
-1055,-1244,7248,-216,359,-3955,36,-118,-138
-1097,-1272,7251,-219,393,-4045,34,-119,-129
-1097,-1272,7251,-257,347,-4022,40,-107,-128
-1097,-1272,7251,-226,340,-4070,56,-110,-105
-1097,-1272,7251,-284,322,-4320,54,-107,-119
-1097,-1272,7251,-213,373,-3653,42,-116,-128
-1097,-1272,7251,-301,246,-4110,50,-104,-120
-1097,-1272,7251,-226,406,-3959,43,-108,-126
-1097,-1272,7251,-260,288,-4032,18,-111,-102
-1097,-1272,7251,-137,398,-3998,51,-116,-122
-1101,-1235,7237,-243,299,-4376,51,-108,-114
-1101,-1235,7237,-117,365,-3689,54,-106,-110
-1101,-1235,7237,-272,306,-4172,32,-102,-101
-1101,-1235,7237,-269,385,-4085,47,-115,-100
-1101,-1235,7237,-283,267,-3889,35,-105,-98
-1101,-1235,7237,-212,384,-4078,42,-110,-97
-1101,-1235,7237,-232,324,-4158,43,-112,-103
-1101,-1235,7237,-150,338,-3864,49,-104,-111
-1101,-1235,7237,-253,361,-4112,50,-111,-132
-1069,-1271,7241,-199,303,-4176,49,-111,-118
-1069,-1271,7241,-226,294,-3845,64,-107,-117
-1069,-1271,7241,-270,346,-4001,52,-114,-120
-1069,-1271,7241,-288,346,-4125,42,-110,-119
-1069,-1271,7241,-210,338,-3907,43,-108,-114
-1069,-1271,7241,-242,390,-4052,38,-117,-119
-1069,-1271,7241,-239,296,-4115,56,-110,-128
-1069,-1271,7241,-210,341,-3955,43,-111,-137
-1069,-1271,7241,-220,372,-4022,43,-115,-121
-1088,-1295,7252,-254,354,-4171,55,-110,-130
-1088,-1295,7252,-240,320,-3980,59,-109,-130
-1088,-1295,7252,-234,396,-4006,46,-114,-125
-1088,-1295,7252,-230,332,-4129,55,-113,-125
-1088,-1295,7252,-210,298,-4069,53,-105,-118
-1088,-1295,7252,-202,356,-4092,35,-106,-114
-1088,-1295,7252,-252,412,-4076,62,-115,-107
-1088,-1295,7252,-221,339,-3972,51,-115,-104
-1088,-1295,7252,-196,344,-3970,38,-102,-102
-1088,-1251,7277,-287,361,-4151,35,-107,-95
-1088,-1251,7277,-234,316,-4025,24,-95,-110
-1088,-1251,7277,-252,340,-3980,30,-114,-112
-1088,-1251,7277,-206,342,-4029,37,-104,-111
-1088,-1251,7277,-181,297,-4029,48,-113,-111
-1088,-1251,7277,-208,360,-4028,29,-107,-107
-1088,-1251,7277,-225,381,-4097,22,-109,-100
-1088,-1251,7277,-211,319,-4040,41,-106,-110
-1088,-1251,7277,-283,347,-4195,48,-107,-116
-1072,-1242,7259,-246,370,-3811,25,-117,-123
-1072,-1242,7259,-326,324,-4297,74,-109,-132
-1072,-1242,7259,-359,411,-4093,74,-107,-131
-1072,-1242,7259,-498,380,-3977,68,-111,-121
-1072,-1242,7259,-490,359,-3886,41,-117,-118
-1072,-1242,7259,-273,297,-4372,58,-102,-125
-1072,-1242,7259,-224,332,-3775,41,-114,-129
-1072,-1242,7259,-297,289,-4136,48,-123,-130
-1072,-1242,7259,-171,371,-4149,58,-109,-110
-1064,-1236,7285,-230,312,-3889,66,-97,-106
-1064,-1236,7285,-181,329,-3946,47,-119,-98
-1064,-1236,7285,-343,265,-4216,49,-96,-107
-1064,-1236,7285,-210,354,-3957,40,-106,-106
-1064,-1236,7285,-196,356,-3953,42,-102,-113
-1064,-1236,7285,-173,309,-4220,33,-118,-120
-1064,-1236,7285,-247,295,-3988,50,-117,-122
-1064,-1236,7285,-493,362,-3955,48,-109,-127
-1064,-1236,7285,-262,318,-4163,51,-111,-122
-1064,-1258,7300,-176,324,-3993,46,-113,-127
-1110,-1258,7300,-277,345,-3971,34,-106,-121
-1110,-1258,7300,-254,318,-4140,58,-118,-129
-1110,-1258,7300,-233,331,-3995,49,-119,-115
-1110,-1258,7300,-227,363,-3959,36,-104,-105
-1110,-1258,7300,-218,320,-3864,41,-114,-108
-1110,-1258,7300,-238,298,-4063,36,-111,-106
-1110,-1258,7300,-242,364,-3984,55,-107,-112
-1110,-1258,7300,-229,339,-4118,68,-108,-102
-1110,-1258,7300,-200,337,-4081,50,-108,-100
-1104,-1240,7278,-231,341,-3952,50,-115,-99
-1104,-1240,7278,-298,349,-4002,49,-107,-126
-1104,-1240,7278,-485,299,-4051,46,-107,-126
-1104,-1240,7278,-196,340,-4038,49,-108,-122
-1104,-1240,7278,-232,348,-4070,26,-111,-117
-1104,-1240,7278,-264,348,-3853,36,-121,-106
-1104,-1240,7278,-252,398,-3983,32,-108,-106
-1104,-1240,7278,-237,395,-4072,47,-113,-109
-1104,-1240,7278,-253,311,-4179,67,-111,-103
-1091,-1262,7259,-256,308,-4093,35,-99,-93
-1091,-1262,7259,-263,369,-3995,52,-116,-113
-1091,-1262,7259,-226,344,-4074,53,-110,-109
-1091,-1262,7259,-218,334,-4141,55,-116,-121
-1091,-1262,7259,-253,385,-3985,53,-117,-122
-1091,-1262,7259,-265,319,-3995,59,-113,-128
-1091,-1262,7259,-308,318,-4079,44,-109,-110
-1091,-1262,7259,-183,341,-3962,51,-103,-117
-1091,-1262,7259,-177,349,-4048,54,-114,-113
-1073,-1254,7265,-275,319,-4140,50,-121,-115
-1073,-1254,7265,-229,363,-3854,36,-105,-113
-1073,-1254,7265,-218,332,-3996,50,-118,-116
-1073,-1254,7265,-218,282,-4183,47,-108,-105
-1073,-1254,7265,-496,327,-3897,35,-107,-112
-1073,-1254,7265,-238,420,-3993,59,-111,-119
-1073,-1254,7265,-250,344,-4141,75,-106,-118
-1073,-1254,7265,-205,359,-4019,54,-116,-113
-1073,-1254,7265,-244,362,-3935,48,-104,-120
-1105,-1227,7286,-266,250,-4078,47,-110,-106
-1105,-1227,7286,-234,340,-3888,40,-100,-102
-1105,-1227,7286,-239,373,-4015,51,-122,-101
-1105,-1227,7286,-234,326,-3966,38,-114,-99
-1105,-1227,7286,-292,428,-4302,36,-104,-108
-1105,-1227,7286,-234,356,-3964,45,-114,-106
-1105,-1227,7286,-204,290,-3900,33,-113,-110
-1105,-1227,7286,-226,341,-4413,48,-107,-113
-1105,-1227,7286,-302,325,-4142,42,-116,-118
-1076,-1260,7254,-206,404,-3596,63,-106,-112
-1076,-1260,7254,-270,358,-4374,47,-103,-126
-1076,-1260,7254,-191,312,-4119,58,-114,-127
-1076,-1260,7254,-433,299,-3649,53,-109,-129
-1076,-1260,7254,-341,309,-4363,45,-109,-122
-1076,-1260,7254,-298,314,-4072,59,-109,-116
-1076,-1260,7254,-148,408,-3689,48,-109,-118
-1076,-1260,7254,-265,325,-4316,43,-119,-107
-1076,-1260,7254,-247,221,-4128,58,-106,-114
-1066,-1280,7291,-303,413,-3655,48,-110,-122
-1066,-1280,7291,-259,389,-4165,47,-108,-108
-1066,-1280,7291,-191,287,-4182,62,-124,-108
-1066,-1280,7291,-187,383,-3792,21,-100,-110
-1066,-1280,7291,-260,416,-4119,25,-102,-113
-1066,-1280,7291,-253,293,-4224,33,-117,-121
-1066,-1280,7291,-209,349,-3882,40,-104,-116
-1066,-1280,7291,-300,364,-4042,54,-114,-108
-1066,-1280,7291,-308,0,-4145,52,-103,-99
-1087,-1254,7253,-240,342,-3882,23,-106,-111
-1087,-1254,7253,-177,424,-3933,36,-114,-118
-1087,-1254,7253,-204,304,-4259,54,-112,-124
-1087,-1254,7253,-248,299,-3965,65,-111,-125
-1087,-1254,7253,-308,358,-3929,52,-109,-125
-1087,-1254,7253,-206,316,-4124,53,-113,-124
-1087,-1254,7253,-151,327,-4110,55,-113,-115
-1087,-1254,7253,-284,380,-3969,50,-102,-122
-1087,-1254,7253,-254,394,-4089,69,-121,-112
-1080,-1241,7263,-220,294,-3987,42,-112,-127
-1080,-1241,7263,-173,383,-4050,63,-112,-125
-1080,-1241,7263,-205,315,-4076,50,-113,-126
-1080,-1241,7263,-287,321,-4061,49,-117,-100
-1080,-1241,7263,-204,402,-3973,55,-114,-97
-1080,-1241,7263,-183,355,-4312,53,-118,-102
-1080,-1241,7263,-216,270,-4181,53,-104,-103
-1080,-1241,7263,-315,347,-4107,35,-108,-105
-1080,-1241,7263,-256,386,-3952,36,-117,-118
-1098,-1228,7264,-184,335,-4161,25,-111,-123
-1098,-1228,7264,-203,388,-4205,50,-110,-129
-1098,-1228,7264,-240,374,-3896,58,-107,-132
-1098,-1228,7264,-268,324,-3891,46,-105,-126
-1098,-1228,7264,-267,331,-4064,34,-109,-114
-1098,-1228,7264,-214,340,-3993,46,-108,-121
-1098,-1228,7264,-263,311,-4090,53,-117,-100
-1098,-1228,7264,-264,368,-4086,34,-112,-102
-1098,-1228,7264,-223,373,-3911,46,-108,-108
-1123,-1265,7287,-210,344,-4076,51,-100,-117
-1123,-1265,7287,-251,335,-4141,16,-115,-124
-1123,-1265,7287,-271,337,-4019,31,-121,-130
-1123,-1265,7287,-277,353,-4079,36,-103,-134
-1123,-1265,7287,-193,271,-4171,55,-115,-128
-1123,-1265,7287,-207,316,-3883,42,-112,-124
-1123,-1265,7287,-279,372,-4076,41,-109,-110
-1123,-1265,7287,-486,284,-4067,39,-113,-115
-1123,-1265,7287,-252,356,-3982,51,-110,-106
-1123,-1240,7305,-237,377,-4081,69,-109,-118
-1123,-1240,7305,-262,318,-4092,51,-105,-113
-1123,-1240,7305,-249,347,-3974,26,-110,-106
-1123,-1240,7305,-257,355,-4104,46,-109,-104
-1123,-1240,7305,-186,372,-4047,54,-109,-118
-1123,-1240,7305,-252,356,-4002,39,-109,-117
-1123,-1240,7305,-245,349,-4003,55,-108,-133
-1123,-1240,7305,-260,321,-4057,41,-111,-125
-1123,-1240,7305,-201,375,-3887,36,-111,-122
-1130,-1233,7314,-193,382,-4030,61,-109,-120
-1130,-1233,7314,-221,305,-4117,61,-112,-124
-1130,-1233,7314,-238,358,-3956,45,-104,-119
-1130,-1233,7314,-264,326,-4038,38,-106,-106
-1130,-1233,7314,-238,318,-4037,49,-113,-97
-1130,-1233,7314,-170,356,-3936,52,-102,-97
-1130,-1233,7314,-241,371,-4019,48,-113,-110
-1130,-1233,7314,-254,320,-4047,52,-104,-109
-1130,-1233,7314,-203,321,-4046,36,-112,-121
-1093,-1268,7300,-232,285,-4062,25,-104,-105
-1093,-1268,7300,-271,305,-4047,76,-107,-116
-1093,-1268,7300,-507,383,-4050,29,-114,-116
-1093,-1268,7300,-295,385,-4019,36,-109,-114
-1093,-1268,7300,-151,315,-4117,45,-111,-127
-1093,-1268,7300,-203,329,-4011,55,-116,-134
-1093,-1268,7300,-229,381,-4069,56,-112,-105
-1093,-1268,7300,-276,328,-4045,49,-105,-103
-1093,-1268,7300,-239,339,-3994,22,-98,-111
-1144,-1250,7273,-222,348,-4017,50,-118,-116
-1144,-1250,7273,-241,353,-4048,47,-111,-114
-1144,-1250,7273,-248,308,-4017,32,-112,-101
-1144,-1250,7273,-251,355,-4081,37,-109,-100
-1144,-1250,7273,-217,323,-4065,58,-112,-94
-1144,-1250,7273,-238,298,-3991,42,-103,-99
-1144,-1250,7273,-225,330,-4082,28,-115,-103
-1144,-1250,7273,-241,365,-3996,40,-111,-109
-1144,-1250,7273,-224,347,-4079,32,-111,-122
-1116,-1262,7275,-489,313,-4093,53,-109,-124
-1116,-1262,7275,-315,325,-4039,33,-102,-127
-1116,-1262,7275,-246,324,-4035,40,-102,-126
-1116,-1262,7275,-229,345,-4074,45,-113,-135
-1116,-1262,7275,-196,352,-4088,73,-114,-128
-1116,-1262,7275,-223,333,-4158,52,-112,-127
-1116,-1262,7275,-240,337,-4075,48,-115,-129
-1116,-1262,7275,-222,360,-3990,63,-114,-133
-1116,-1262,7275,-183,347,-4052,64,-110,-131
-1121,-1266,7269,-256,284,-4012,37,-112,-120
-1121,-1266,7269,-263,357,-4044,53,-120,-119
-1121,-1266,7269,-201,315,-4176,34,-107,-111
-1121,-1266,7269,-218,334,-4055,53,-112,-111
-1121,-1266,7269,-250,356,-3967,48,-101,-117
-1121,-1266,7269,-256,330,-4046,37,-111,-90
-1121,-1266,7269,-199,299,-3916,24,-116,-104
-1121,-1266,7269,-228,362,-4060,28,-105,-117
-1121,-1266,7269,-257,367,-4351,41,-106,-101
-1121,-1266,7269,-214,348,-3969,25,-98,-99
-1119,-1252,7256,-268,356,-4115,43,-107,-116
-1119,-1252,7256,-272,308,-4115,40,-111,-116
-1119,-1252,7256,-238,324,-3885,42,-112,-115
-1119,-1252,7256,-231,366,-4013,41,-111,-120
-1119,-1252,7256,-224,383,-4114,57,-114,-124
-1119,-1252,7256,-182,324,-3965,55,-108,-117
-1119,-1252,7256,-474,391,-4082,43,-114,-125
-1119,-1252,7256,-249,354,-4081,59,-117,-130
-1119,-1252,7256,-222,311,-3961,38,-109,-118
-1107,-1218,7318,-269,373,-4049,49,-115,-127
-1107,-1218,7318,-209,343,-4130,47,-113,-118
-1107,-1218,7318,-246,342,-3958,47,-102,-119
-1107,-1218,7318,-152,398,-4032,40,-113,-111
-1107,-1218,7318,-251,365,-4116,41,-96,-106
-1107,-1218,7318,-236,318,-4047,50,-100,-114
-1107,-1218,7318,-286,332,-4059,43,-102,-106
-1107,-1218,7318,-257,341,-4085,53,-114,-103
-1107,-1218,7318,-249,319,-4022,39,-108,-96
-1088,-1249,7294,-199,373,-3997,70,-113,-107
-1088,-1249,7294,-506,341,-4031,51,-113,-111
-1088,-1249,7294,-235,330,-4069,36,-113,-115
-1088,-1249,7294,-237,328,-3999,31,-111,-120
-1088,-1249,7294,-235,353,-4129,27,-116,-127
-1088,-1249,7294,-230,330,-4083,51,-108,-121
-1088,-1249,7294,-269,379,-4000,30,-99,-109
-1088,-1249,7294,-241,369,-4039,34,-102,-105
-1088,-1249,7294,-215,309,-4049,58,-112,-98
-1097,-1243,7263,-236,350,-4062,54,-108,-106
-1097,-1243,7263,-255,381,-4066,51,-105,-114
-1097,-1243,7263,-228,334,-3999,49,-123,-119
-1097,-1243,7263,-195,329,-4100,32,-111,-121
-1097,-1243,7263,-254,311,-4087,43,-114,-132
-1097,-1243,7263,-253,367,-4086,59,-116,-127
-1097,-1243,7263,-494,366,-4055,52,-109,-126
-1097,-1243,7263,-327,333,-4004,55,-109,-127
-1097,-1243,7263,-201,333,-4101,75,-112,-115
-1086,-1234,7253,-236,344,-4040,46,-114,-118
-1086,-1234,7253,-217,335,-3890,46,-116,-116
-1086,-1234,7253,-224,342,-4054,29,-105,-114
-1086,-1234,7253,-211,319,-4121,36,-116,-118
-1086,-1234,7253,-244,314,-4034,46,-111,-121
-1086,-1234,7253,-243,356,-4008,53,-109,-112
-1086,-1234,7253,-251,301,-4001,52,-110,-112
-1086,-1234,7253,-221,314,-4056,58,-112,-117
-1086,-1234,7253,-213,391,-4046,46,-109,-117
-1095,-1245,7289,-256,318,-4034,76,-103,-131
-1095,-1245,7289,-239,301,-4094,47,-119,-134
-1095,-1245,7289,-221,361,-4051,50,-114,-105
-1095,-1245,7289,-289,341,-4081,41,-112,-103
-1095,-1245,7289,-291,379,-4331,31,-101,-102
-1095,-1245,7289,-227,377,-4033,33,-102,-112
-1095,-1245,7289,-239,325,-4322,42,-107,-120
-1095,-1245,7289,-247,349,-4109,48,-108,-81
-1095,-1245,7289,-259,347,-4019,58,-112,-96
-1104,-1216,7305,-186,334,-4079,54,-113,-106
-1104,-1216,7305,-242,374,-4038,35,-108,-117
-1104,-1216,7305,-475,357,-4023,60,-105,-120
-1104,-1216,7305,-189,325,-4030,40,-111,-122
-1104,-1216,7305,-275,305,-4016,52,-114,-122
-1104,-1216,7305,-278,324,-4048,40,-112,-102
-1104,-1216,7305,-206,340,-4048,35,-110,-103
-1104,-1216,7305,-219,355,-4053,43,-115,-111
-1104,-1216,7305,-230,378,-4005,41,-113,-105
-1111,-1257,7292,-251,347,-4064,32,-112,-93
-1111,-1257,7292,-205,337,-4015,35,-100,-90
-1111,-1257,7292,-276,322,-4107,58,-107,-102
-1111,-1257,7292,-256,355,-4040,34,-108,-115
-1111,-1257,7292,-249,350,-4079,64,-111,-116
-1111,-1257,7292,-245,338,-4048,40,-110,-121
-1111,-1257,7292,-242,351,-4086,44,-110,-124
-1111,-1257,7292,-212,352,-4097,47,-106,-111
-1111,-1257,7292,-208,344,-4063,50,-103,-121
-1102,-1267,7279,-191,323,-4070,63,-108,-108
-1102,-1267,7279,-241,349,-4095,23,-102,-105
-1102,-1267,7279,-222,340,-3981,36,-105,-97
-1102,-1267,7279,-242,352,-4045,40,-112,-112
-1102,-1267,7279,-237,321,-3980,29,-115,-112
-1102,-1267,7279,-227,331,-3992,49,-115,-108
-1102,-1267,7279,-230,311,-4077,55,-107,-109
-1102,-1267,7279,-251,356,-3993,48,-120,-115
-1102,-1267,7279,-247,324,-4094,31,-113,-123
-1119,-1262,7275,-249,291,-4097,62,-114,-135
-1119,-1262,7275,-255,347,-4092,53,-104,-133
-1119,-1262,7275,-255,325,-4042,41,-109,-124
-1119,-1262,7275,-258,368,-4057,43,-112,-123
-1119,-1262,7275,-238,326,-4036,50,-106,-121
-1119,-1262,7275,-276,360,-4076,57,-110,-124
-1119,-1262,7275,-171,361,-4013,47,-113,-140
-1119,-1262,7275,-294,316,-4044,34,-116,-135
-1119,-1262,7275,-255,285,-4029,45,-113,-133
-1116,-1236,7304,-284,306,-4060,53,-111,-127
-1116,-1236,7304,-259,349,-4005,37,-102,-86
-1116,-1236,7304,-233,299,-4027,63,-105,-97
-1116,-1236,7304,-239,371,-4045,46,-120,-93
-1116,-1236,7304,-267,325,-4055,46,-118,-93
-1116,-1236,7304,-222,336,-4033,37,-113,-94
-1116,-1236,7304,-234,340,-4049,44,-99,-102
-1116,-1236,7304,-286,346,-4043,50,-117,-114
-1116,-1236,7304,-200,332,-4021,47,-102,-112
-1142,-1261,7289,-280,382,-4066,32,-110,-112
-1142,-1261,7289,-258,330,-3979,47,-110,-117
-1142,-1261,7289,-218,364,-4033,44,-112,-100
-1142,-1261,7289,-471,326,-3982,64,-114,-110
-1142,-1261,7289,-247,352,-4057,58,-111,-121
-1142,-1261,7289,-270,278,-3996,44,-108,-125
-1142,-1261,7289,-236,362,-4055,46,-121,-130
-1142,-1261,7289,-257,367,-4072,46,-109,-137
-1142,-1261,7289,-246,314,-4065,45,-110,-129
-1089,-1257,7323,-202,342,-4061,56,-113,-131
-1089,-1257,7323,-218,318,-3993,51,-105,-125
-1089,-1257,7323,-228,364,-4072,52,-111,-112
-1089,-1257,7323,-229,353,-4051,49,-112,-108
-1089,-1257,7323,-253,355,-4029,45,-105,-98
-1089,-1257,7323,-238,320,-4025,35,-99,-105
-1089,-1257,7323,-256,344,-4031,52,-98,-102
-1089,-1257,7323,-243,355,-4074,40,-113,-103
-1089,-1257,7323,-238,348,-4043,44,-113,-105
-1093,-1275,7267,-261,355,-4113,21,-107,-114
-1093,-1275,7267,-205,349,-4043,44,-106,-108
-1093,-1275,7267,-211,305,-4096,52,-107,-109
-1093,-1275,7267,-212,322,-4062,68,-109,-116
-1093,-1275,7267,-230,384,-4077,35,-113,-128
-1093,-1275,7267,-242,340,-4033,44,-112,-131
-1093,-1275,7267,-192,370,-4019,39,-120,-131
-1093,-1275,7267,-249,311,-4066,51,-117,-134
-1093,-1275,7267,-246,318,-4063,30,-109,-104
-1093,-1262,7274,-250,368,-4054,43,-113,-93
-1125,-1262,7274,-210,338,-4089,41,-117,-93
-1125,-1262,7274,-250,366,-4056,49,-111,-98
-1125,-1262,7274,-229,341,-4036,38,-106,-105
-1125,-1262,7274,-228,334,-4324,48,-98,-98
-1125,-1262,7274,-253,331,-4011,47,-116,-102
-1125,-1262,7274,-244,376,-4033,34,-111,-110
-1125,-1262,7274,-221,332,-4036,62,-111,-115
-1125,-1262,7274,-10,359,-3984,49,-114,-122
-1125,-1262,7274,-210,298,-3999,37,-113,-117
-1103,-1202,7305,-488,340,-4004,52,-116,-121
-1103,-1202,7305,-180,330,-4112,52,-112,-130
-1103,-1202,7305,-210,348,-4069,53,-112,-129
-1103,-1202,7305,-252,314,-3979,46,-110,-124
-1103,-1202,7305,-248,350,-4057,35,-109,-127
-1103,-1202,7305,-219,339,-4031,25,-113,-109
-1103,-1202,7305,-250,356,-4032,60,-110,-100
-1103,-1202,7305,-278,366,-4079,52,-117,-101
-1103,-1202,7305,-228,338,-4103,57,-114,-112
-1107,-1244,7298,-225,370,-3997,43,-115,-112
-1107,-1244,7298,-234,356,-4109,44,-110,-114
-1107,-1244,7298,-236,332,-4083,49,-115,-130
-1107,-1244,7298,-207,363,-3988,45,-107,-104
-1107,-1244,7298,-230,354,-4049,36,-110,-107
-1107,-1244,7298,-240,328,-4070,57,-112,-101
-1107,-1244,7298,-251,367,-4033,60,-106,-95
-1107,-1244,7298,-247,349,-4029,32,-112,-105
-1107,-1244,7298,-266,330,-4038,40,-107,-116
-1108,-1252,7334,-234,375,-4024,44,-111,-120
-1108,-1252,7334,-220,333,-4149,54,-114,-128
-1108,-1252,7334,-273,341,-3991,40,-108,-127
-1108,-1252,7334,-201,362,-3964,34,-110,-122
-1108,-1252,7334,-3,327,-4105,54,-110,-128
-1108,-1252,7334,-258,322,-4025,49,-115,-123
-1108,-1252,7334,-485,319,-4058,46,-107,-104
-1108,-1252,7334,-250,302,-3970,51,-110,-111
-1108,-1252,7334,-487,358,-3989,38,-114,-123
-1098,-1223,7296,-269,303,-4013,43,-104,-129
-1098,-1223,7296,-241,383,-4047,36,-114,-129
-1098,-1223,7296,-239,320,-4014,60,-117,-116
-1098,-1223,7296,-182,376,-4035,42,-110,-123
-1098,-1223,7296,-266,298,-4087,53,-109,-134
-1098,-1223,7296,-286,322,-4031,41,-109,-122
-1098,-1223,7296,-249,335,-4074,62,-114,-127
-1098,-1223,7296,-280,334,-4040,56,-110,-119
-1098,-1223,7296,-185,355,-4026,32,-104,-126
-1086,-1236,7293,-219,347,-4080,33,-113,-107
-1086,-1236,7293,-267,343,-4066,26,-114,-98
-1086,-1236,7293,-230,334,-4074,48,-118,-87
-1086,-1236,7293,-211,357,-4013,43,-106,-99
-1086,-1236,7293,-256,348,-4052,50,-110,-102
-1086,-1236,7293,-260,340,-4084,28,-109,-99
-1086,-1236,7293,-240,364,-4072,32,-108,-91
-1086,-1236,7293,-245,367,-4046,29,-114,-92
-1086,-1236,7293,-223,347,-4010,39,-115,-102
-1064,-1220,7313,-247,355,-3949,43,-112,-106
-1064,-1220,7313,-221,321,-4057,41,-112,-108
-1064,-1220,7313,-214,342,-4042,31,-103,-109
-1064,-1220,7313,-252,346,-3964,39,-99,-110
-1064,-1220,7313,-238,324,-4083,44,-109,-109
-1064,-1220,7313,-217,346,-4066,60,-110,-118
-1064,-1220,7313,-234,350,-4016,69,-113,-124
-1064,-1220,7313,-212,364,-4050,65,-115,-102
-1064,-1220,7313,-224,342,-4059,64,-108,-115
-1065,-1230,7291,-253,337,-4046,34,-116,-125
-1065,-1230,7291,-233,365,-4009,37,-109,-131
-1065,-1230,7291,-221,354,-3991,81,-114,-135
-1065,-1230,7291,-248,363,-4055,60,-116,-127
-1065,-1230,7291,-507,287,-4032,44,-114,-130
-1065,-1230,7291,-257,345,-4049,47,-112,-112
-1065,-1230,7291,-227,335,-4100,48,-101,-112
-1065,-1230,7291,-242,308,-4036,48,-106,-124
-1065,-1230,7291,-212,350,-4014,59,-106,-124
-1077,-1235,7271,-226,358,-4083,39,-114,-122
-1077,-1235,7271,-253,367,-3974,42,-106,-114
-1077,-1235,7271,-243,336,-4089,43,-109,-106
-1077,-1235,7271,-247,315,-4024,26,-111,-112
-1077,-1235,7271,-252,393,-4043,37,-112,-126
-1077,-1235,7271,-237,327,-4018,41,-106,-122
-1077,-1235,7271,-279,329,-4065,57,-113,-135
-1077,-1235,7271,-278,334,-4017,30,-111,-100
-1077,-1235,7271,-240,368,-4024,34,-110,-110
-1075,-1203,7291,-221,327,-4064,26,-116,-112
-1075,-1203,7291,-252,396,-4013,42,-111,-116
-1075,-1203,7291,-251,349,-4071,55,-105,-123
-1075,-1203,7291,-264,323,-4077,57,-119,-133
-1075,-1203,7291,-271,339,-3977,54,-120,-132
-1075,-1203,7291,-198,370,-4038,40,-109,-120
-1075,-1203,7291,-200,364,-4006,56,-102,-114
-1075,-1203,7291,-246,362,-4043,35,-112,-107
-1075,-1203,7291,-214,338,-4034,38,-105,-105
-1088,-1212,7259,-230,314,-4049,41,-121,-89
-1088,-1212,7259,-238,348,-4085,37,-113,-100
-1088,-1212,7259,-236,338,-4110,48,-111,-113
-1088,-1212,7259,-291,357,-4002,46,-106,-116
-1088,-1212,7259,-225,339,-4019,51,-120,-131
-1088,-1212,7259,-222,342,-4036,62,-110,-96
-1088,-1212,7259,-216,342,-4005,59,-119,-87
-1088,-1212,7259,-199,363,-4015,45,-111,-103
-1088,-1212,7259,-237,345,-4014,46,-117,-112
-1055,-1217,7262,-245,335,-4010,38,-106,-110
-1055,-1217,7262,-227,333,-3959,55,-101,-117
-1055,-1217,7262,-244,314,-4010,55,-109,-115
-1055,-1217,7262,-207,347,-4051,48,-106,-115
-1055,-1217,7262,-298,338,-4037,50,-108,-124
-1055,-1217,7262,-207,329,-4063,52,-111,-123
-1055,-1217,7262,-211,343,-4028,34,-116,-121
-1055,-1217,7262,-235,339,-4000,18,-103,-105
-1055,-1217,7262,-222,340,-4050,32,-98,-114
-1079,-1233,7246,-246,358,-4072,34,-109,-116
-1079,-1233,7246,-261,339,-3961,43,-113,-119
-1079,-1233,7246,-252,319,-4030,51,-110,-100
-1079,-1233,7246,-211,349,-3926,61,-116,-114
-1079,-1233,7246,-237,349,-4002,57,-104,-112
-1079,-1233,7246,-210,366,-4046,53,-112,-117
-1079,-1233,7246,-294,322,-4008,71,-108,-113
-1079,-1233,7246,-257,283,-4044,52,-108,-124
-1079,-1233,7246,-227,305,-4010,46,-108,-118
-1109,-1232,7255,-277,335,-4067,33,-110,-117
-1109,-1232,7255,-220,308,-3980,38,-115,-125
-1109,-1232,7255,-308,348,-4020,37,-106,-120
-1109,-1232,7255,-240,364,-4010,50,-116,-123
-1109,-1232,7255,-253,351,-4038,39,-109,-111
-1109,-1232,7255,-233,289,-3995,32,-104,-96
-1109,-1232,7255,-217,329,-3972,53,-106,-102
-1109,-1232,7255,-245,325,-4073,52,-110,-107
-1109,-1232,7255,-218,328,-4037,41,-103,-107
-1093,-1248,7287,-252,364,-4032,31,-113,-116
-1093,-1248,7287,-208,332,-4057,39,-103,-99
-1093,-1248,7287,-231,345,-4301,50,-105,-106
-1093,-1248,7287,-227,343,-4042,55,-104,-98
-1093,-1248,7287,-274,342,-4048,44,-107,-96
-1093,-1248,7287,-245,347,-4085,58,-98,-102
-1093,-1248,7287,-224,318,-4060,47,-102,-111
-1093,-1248,7287,-264,328,-4023,39,-104,-111
-1093,-1248,7287,-222,328,-4049,52,-107,-117
-1051,-1227,7237,-218,340,-4034,46,-111,-122
-1051,-1227,7237,-266,348,-3996,47,-101,-120
-1051,-1227,7237,-207,345,-4060,55,-115,-118
-1051,-1227,7237,-208,335,-4052,34,-106,-113
-1051,-1227,7237,-243,341,-4064,49,-108,-122
-1051,-1227,7237,-231,343,-4026,47,-106,-112
-1051,-1227,7237,-246,373,-4009,58,-112,-119
-1051,-1227,7237,-7,304,-4056,27,-115,-118
-1051,-1227,7237,-459,306,-3997,51,-114,-114
-1094,-1227,7281,-206,352,-4072,50,-115,-131
-1094,-1227,7281,-177,361,-4036,50,-115,-138
-1094,-1227,7281,-259,355,-4058,52,-115,-137
-1094,-1227,7281,-212,322,-4026,39,-104,-134
-1094,-1227,7281,-215,321,-4057,37,-112,-105
-1094,-1227,7281,-240,364,-4035,46,-107,-111
-1094,-1227,7281,-206,342,-4005,36,-103,-104
-1094,-1227,7281,-245,333,-3919,20,-113,-120
-1094,-1227,7281,-248,334,-4019,40,-115,-113
-1094,-1227,7281,-230,336,-3966,48,-105,-105
-1079,-1209,7245,-237,381,-4002,42,-115,-103
-1079,-1209,7245,-234,314,-3999,52,-114,-109
-1079,-1209,7245,-240,355,-4034,46,-113,-119
-1079,-1209,7245,-235,360,-4055,63,-113,-113
-1079,-1209,7245,-246,385,-4074,41,-107,-105
-1079,-1209,7245,-201,321,-4067,43,-111,-113
-1079,-1209,7245,-235,367,-4008,31,-109,-119
-1079,-1209,7245,-230,342,-3993,37,-102,-111
-1079,-1209,7245,-215,345,-4046,24,-119,-89
-1095,-1230,7256,-256,338,-4067,49,-114,-91
-1095,-1230,7256,-259,377,-4092,35,-110,-102
-1095,-1230,7256,-236,358,-4062,36,-106,-104
-1095,-1230,7256,-244,350,-4033,29,-113,-107
-1095,-1230,7256,-234,364,-4044,55,-107,-109
-1095,-1230,7256,-224,344,-4045,58,-119,-111
-1095,-1230,7256,-223,339,-4060,31,-103,-114
-1095,-1230,7256,-239,341,-4052,41,-111,-113
-1095,-1230,7256,-234,294,-3966,57,-110,-110
-1079,-1212,7261,-241,340,-4077,53,-111,-118
-1079,-1212,7261,-207,361,-4033,47,-113,-125
-1079,-1212,7261,-273,349,-4043,24,-112,-122
-1079,-1212,7261,-239,369,-4035,27,-113,-124
-1079,-1212,7261,-205,341,-4044,35,-110,-101
-1079,-1212,7261,-222,338,-3989,46,-106,-111
-1079,-1212,7261,-224,362,-4042,41,-111,-118
-1079,-1212,7261,-223,335,-4022,34,-108,-118
-1079,-1212,7261,-235,355,-4017,44,-118,-108
-1065,-1248,7260,-227,337,-4071,45,-111,-105
-1065,-1248,7260,-234,368,-4020,25,-114,-121
-1065,-1248,7260,-255,351,-4024,63,-117,-117
-1065,-1248,7260,-244,338,-4074,46,-109,-126
-1065,-1248,7260,-220,372,-4000,68,-109,-131
-1065,-1248,7260,-236,359,-4033,41,-108,-123
-1065,-1248,7260,-495,352,-4003,60,-110,-121
-1065,-1248,7260,-224,344,-4067,51,-104,-126
-1065,-1248,7260,-249,337,-4056,53,-116,-133
-1063,-1242,7277,-205,383,-4049,46,-115,-130
-1063,-1242,7277,-267,351,-4051,47,-111,-98
-1063,-1242,7277,-254,364,-3955,49,-100,-107
-1063,-1242,7277,-224,338,-4035,54,-111,-124
-1063,-1242,7277,-224,331,-4084,44,-111,-125
-1063,-1242,7277,-227,325,-3995,42,-109,-115
-1063,-1242,7277,-14,298,-4076,26,-109,-112
-1063,-1242,7277,-465,321,-4064,46,-108,-120
-1063,-1242,7277,-215,322,-4017,46,-114,-132
-1118,-1241,7298,-236,324,-4057,51,-113,-131
-1118,-1241,7298,-232,350,-4053,42,-110,-127
-1118,-1241,7298,-218,364,-4027,37,-112,-126
-1118,-1241,7298,-242,332,-3997,26,-113,-128
-1118,-1241,7298,-268,346,-3994,45,-116,-121
-1118,-1241,7298,-221,315,-4002,57,-110,-122
-1118,-1241,7298,-214,322,-3994,50,-113,-132
-1118,-1241,7298,-281,363,-4019,53,-108,-121
-1118,-1241,7298,-274,334,-4034,47,-114,-97
-1072,-1237,7235,-224,354,-4009,28,-106,-92
-1072,-1237,7235,-218,346,-4007,46,-111,-105
-1072,-1237,7235,-231,325,-4082,44,-105,-105
-1072,-1237,7235,-241,341,-4066,51,-101,-100
-1072,-1237,7235,-217,335,-4022,41,-117,-112
-1072,-1237,7235,-226,340,-4055,24,-105,-115
-1072,-1237,7235,-249,359,-4101,37,-110,-109
-1072,-1237,7235,-216,316,-3999,49,-110,-118
-1072,-1237,7235,-231,365,-4064,31,-108,-126
-1068,-1276,7294,-221,316,-4048,59,-115,-113
-1068,-1276,7294,-241,340,-4005,53,-113,-120
-1068,-1276,7294,-210,342,-4059,58,-114,-118
-1068,-1276,7294,-262,341,-3988,43,-111,-117
-1068,-1276,7294,-236,352,-4015,40,-100,-122
-1068,-1276,7294,-213,337,-4007,40,-115,-108
-1068,-1276,7294,-238,332,-4029,40,-120,-111
-1068,-1276,7294,-241,345,-3992,42,-110,-96
-1068,-1276,7294,-245,365,-4122,55,-103,-97
-1062,-1235,7263,-238,334,-4006,35,-111,-101
-1062,-1235,7263,-217,343,-3979,40,-112,-93
-1062,-1235,7263,-230,344,-4076,32,-116,-95
-1062,-1235,7263,-227,303,-4086,63,-104,-99
-1062,-1235,7263,-284,336,-4049,59,-110,-107
-1062,-1235,7263,-236,302,-4053,46,-113,-123
-1062,-1235,7263,-144,346,-4013,46,-111,-121
-1062,-1235,7263,-142,324,-4030,36,-114,-115
-1062,-1235,7263,-227,351,-4049,29,-111,-113
-1091,-1244,7228,-247,367,-4033,48,-104,-115
-1091,-1244,7228,-229,315,-4058,70,-109,-122
-1091,-1244,7228,-267,333,-3974,39,-110,-99
-1091,-1244,7228,-499,357,-4044,40,-108,-116
-1091,-1244,7228,-227,389,-4069,37,-115,-117
-1091,-1244,7228,-235,359,-4049,63,-117,-134
-1091,-1244,7228,-197,343,-4038,49,-114,-138
-1091,-1244,7228,-225,375,-4044,51,-112,-139
-1091,-1244,7228,-279,361,-4041,54,-114,-106
-1104,-1219,7232,-151,315,-4052,53,-105,-117
-1104,-1219,7232,-246,392,-4088,36,-106,-127
-1104,-1219,7232,-198,380,-4059,40,-111,-117
-1104,-1219,7232,-301,380,-4019,56,-111,-106
-1104,-1219,7232,-464,360,-4087,48,-105,-110
-1104,-1219,7232,-44,409,-4044,44,-114,-118
-1104,-1219,7232,-226,370,-4068,43,-111,-116
-1104,-1219,7232,-239,349,-3981,34,-105,-116
-1104,-1219,7232,-283,355,-4106,46,-113,-91
-1117,-1243,7229,-182,312,-3908,43,-113,-113
-1117,-1243,7229,-297,335,-4001,64,-110,-106
-1117,-1243,7229,-191,303,-4011,68,-116,-115
-1117,-1243,7229,-289,328,-4077,43,-112,-119
-1117,-1243,7229,-329,407,-4033,46,-112,-122
-1117,-1243,7229,-169,417,-4068,48,-113,-128
-1117,-1243,7229,-200,420,-4083,25,-103,-127
-1117,-1243,7229,-189,331,-3920,37,-115,-133
-1117,-1243,7229,-239,293,-4022,39,-114,-112
-1091,-1239,7267,-234,322,-4033,44,-101,-122
-1091,-1239,7267,-240,356,-3940,51,-90,-117
-1091,-1239,7267,-277,349,-3939,48,-105,-114
-1091,-1239,7267,-211,332,-3969,50,-111,-124
-1091,-1239,7267,-224,381,-4057,49,-111,-123
-1091,-1239,7267,-3,342,-4046,51,-111,-126
-1091,-1239,7267,-209,383,-4037,44,-116,-119
-1091,-1239,7267,-250,350,-4027,51,-111,-110
-1091,-1239,7267,-246,332,-4013,44,-96,-110
-1054,-1229,7297,-263,353,-4060,38,-113,-119
-1054,-1229,7297,-273,319,-4027,33,-115,-125
-1054,-1229,7297,-240,330,-3977,50,-113,-116
-1054,-1229,7297,-250,334,-4040,58,-117,-125
-1054,-1229,7297,-511,313,-4018,46,-112,-123
-1054,-1229,7297,-260,284,-4068,53,-111,-125
-1054,-1229,7297,-197,313,-4035,43,-103,-105
-1054,-1229,7297,-212,380,-3860,43,-110,-102
-1054,-1229,7297,-299,291,-3883,59,-121,-96
-1054,-1229,7297,-280,338,-4088,30,-117,-116
-1051,-1214,7224,-262,358,-4040,51,-117,-125
-1051,-1214,7224,-292,386,-4037,39,-109,-127
-1051,-1214,7224,-469,352,-4028,45,-105,-124
-1051,-1214,7224,-3,380,-4066,34,-114,-131
-1051,-1214,7224,-228,404,-4056,28,-117,-131
-1051,-1214,7224,-202,352,-3996,34,-105,-124
-1051,-1214,7224,-289,311,-4102,41,-118,-113
-1051,-1214,7224,-297,363,-4043,45,-112,-110
-1051,-1214,7224,-212,345,-4100,66,-107,-99
-1091,-1281,7286,-250,331,-4104,58,-104,-107
-1091,-1281,7286,-260,310,-3928,57,-113,-111
-1091,-1281,7286,-191,345,-4106,35,-114,-115
-1091,-1281,7286,-251,345,-4139,58,-108,-113
-1091,-1281,7286,-469,302,-4028,51,-115,-127
-1091,-1281,7286,-506,322,-4047,39,-110,-122
-1091,-1281,7286,-238,290,-4052,58,-115,-126
-1091,-1281,7286,-275,375,-3971,49,-104,-100
-1091,-1281,7286,-215,357,-4008,27,-115,-97
-1109,-1254,7278,-289,343,-4106,61,-111,-100
-1109,-1254,7278,-182,370,-3890,32,-93,-99
-1109,-1254,7278,-241,359,-4180,35,-106,-113
-1109,-1254,7278,-286,372,-4034,48,-103,-109
-1109,-1254,7278,-164,314,-3925,20,-104,-119
-1109,-1254,7278,-240,364,-4043,30,-105,-115
-1109,-1254,7278,-246,346,-4086,46,-103,-98
-1109,-1254,7278,-222,316,-3962,39,-112,-102
-1109,-1254,7278,-237,371,-4032,27,-114,-118
-1103,-1239,7231,-273,321,-4098,39,-113,-113
-1103,-1239,7231,-240,312,-3961,47,-109,-122
-1103,-1239,7231,-239,362,-4011,42,-115,-116
-1103,-1239,7231,-204,348,-4023,53,-114,-123
-1103,-1239,7231,-242,341,-4015,62,-113,-136
-1103,-1239,7231,-281,358,-4005,47,-108,-111
-1103,-1239,7231,-204,349,-4118,45,-115,-122
-1103,-1239,7231,-186,306,-3985,58,-114,-123
-1103,-1239,7231,-311,349,-4014,42,-102,-129
-1082,-1236,7277,-255,343,-4075,45,-115,-123
-1082,-1236,7277,-213,331,-3980,48,-107,-118
-1082,-1236,7277,-255,367,-4063,46,-107,-117
-1082,-1236,7277,-238,364,-4081,61,-106,-122
-1082,-1236,7277,-224,334,-3989,59,-116,-121
-1082,-1236,7277,-227,345,-4045,64,-107,-103
-1082,-1236,7277,-250,344,-4066,47,-109,-105
-1082,-1236,7277,-222,326,-4024,47,-106,-106
-1082,-1236,7277,-242,366,-4038,41,-103,-105
-1065,-1236,7244,-223,371,-4045,38,-102,-129
-1065,-1236,7244,-275,341,-4009,44,-117,-105
-1065,-1236,7244,-232,326,-4032,37,-101,-100
-1065,-1236,7244,-211,339,-4063,39,-99,-93
-1065,-1236,7244,-219,361,-4084,50,-119,-106
-1065,-1236,7244,-265,369,-4082,63,-113,-108
-1065,-1236,7244,-225,343,-4020,64,-109,-116
-1065,-1236,7244,-227,343,-4006,70,-109,-120
-1065,-1236,7244,-508,345,-4029,48,-109,-127
-1055,-1239,7218,-231,345,-4021,48,-104,-121
-1055,-1239,7218,-255,311,-4007,49,-113,-107
-1055,-1239,7218,-261,301,-4021,44,-114,-109
-1055,-1239,7218,-233,383,-4045,39,-102,-104
-1055,-1239,7218,-237,357,-4098,63,-112,-108
-1055,-1239,7218,-232,320,-3985,39,-115,-113
-1055,-1239,7218,-250,333,-3970,42,-110,-116
-1055,-1239,7218,-228,297,-4022,56,-111,-118
-1055,-1239,7218,-13,308,-3979,41,-109,-138
-1053,-1257,7313,-250,362,-3998,45,-115,-138
-1053,-1257,7313,-232,352,-4017,40,-111,-124
-1053,-1257,7313,-265,323,-4031,51,-104,-129
-1053,-1257,7313,-232,358,-4067,42,-115,-129
-1053,-1257,7313,-235,335,-4052,61,-110,-122
-1053,-1257,7313,-230,344,-4034,51,-115,-121
-1053,-1257,7313,-223,368,-4090,36,-113,-129
-1053,-1257,7313,-274,378,-4072,59,-114,-117
-1053,-1257,7313,-487,291,-4048,42,-110,-119
-1053,-1225,7308,-223,329,-4053,47,-105,-107
-1053,-1225,7308,-232,332,-4077,32,-110,-123
-1053,-1225,7308,-208,340,-4032,45,-97,-120
-1053,-1225,7308,-219,341,-4034,37,-98,-123
-1053,-1225,7308,-226,350,-4073,46,-102,-116
-1053,-1225,7308,-259,341,-4043,21,-109,-121
-1053,-1225,7308,-261,319,-3980,53,-112,-126
-1053,-1225,7308,-230,370,-4117,35,-110,-110
-1053,-1225,7308,-294,338,-3979,49,-103,-121
-1086,-1266,7306,-248,362,-4076,37,-107,-103
-1086,-1266,7306,-229,351,-4319,52,-111,-108
-1086,-1266,7306,-234,320,-4074,37,-102,-105
-1086,-1266,7306,-253,357,-4044,34,-111,-102
-1086,-1266,7306,-270,329,-3997,50,-101,-107
-1086,-1266,7306,-2,336,-4051,45,-112,-104
-1086,-1266,7306,-187,355,-4099,36,-102,-113
-1086,-1266,7306,-205,327,-4011,43,-106,-105
-1086,-1266,7306,-248,368,-3865,46,-105,-108
-1062,-1263,7322,-202,342,-4044,45,-112,-115
-1062,-1263,7322,-218,328,-3962,51,-107,-115
-1062,-1263,7322,-243,319,-4094,40,-114,-127
-1062,-1263,7322,-245,347,-4042,48,-109,-117
-1062,-1263,7322,-228,365,-3918,54,-109,-117
-1062,-1263,7322,-234,368,-4189,47,-105,-117
-1062,-1263,7322,-204,342,-4035,33,-106,-115
-1062,-1263,7322,-191,325,-3940,52,-107,-111
-1062,-1263,7322,-254,342,-4043,25,-98,-118
-1070,-1256,7271,-235,355,-4058,34,-109,-112
-1070,-1256,7271,-233,357,-3948,38,-97,-109
-1070,-1256,7271,-288,322,-4086,35,-107,-110
-1070,-1256,7271,-289,347,-4338,43,-113,-109
-1070,-1256,7271,-223,351,-3916,33,-114,-114
-1070,-1256,7271,-235,385,-3987,49,-114,-118
-1070,-1256,7271,-240,326,-4104,34,-108,-114
-1070,-1256,7271,-219,361,-3987,53,-112,-122
-1070,-1256,7271,-221,317,-4102,49,-117,-128
-1074,-1215,7350,-221,323,-4078,50,-120,-127
-1074,-1215,7350,-217,350,-4018,45,-113,-126
-1074,-1215,7350,-265,399,-4106,34,-110,-117
-1074,-1215,7350,-237,312,-4059,34,-112,-127
-1074,-1215,7350,-254,270,-4015,46,-112,-115
-1074,-1215,7350,-254,372,-3995,38,-113,-126
-1074,-1215,7350,-229,352,-4127,41,-111,-117
-1074,-1215,7350,-236,341,-3992,53,-105,-116
-1074,-1215,7350,-239,351,-4007,37,-111,-123
-1116,-1225,7304,-226,332,-4096,66,-117,-132
-1116,-1225,7304,-203,345,-4070,59,-113,-127
-1116,-1225,7304,-198,396,-4079,43,-115,-134
-1116,-1225,7304,-231,383,-4065,46,-114,-122
-1116,-1225,7304,-220,348,-4027,50,-108,-119
-1116,-1225,7304,-208,364,-4028,57,-108,-123
-1116,-1225,7304,-261,342,-4111,53,-109,-119
-1116,-1225,7304,-220,344,-4017,45,-113,-120
-1116,-1225,7304,-256,353,-4075,56,-111,-129
-1082,-1233,7309,-492,298,-4014,38,-113,-132
-1082,-1233,7309,-239,352,-4045,50,-112,-131
-1082,-1233,7309,-255,372,-4062,50,-116,-129
-1082,-1233,7309,-492,322,-4005,48,-105,-121
-1082,-1233,7309,-219,334,-4023,51,-111,-118
-1082,-1233,7309,-192,372,-4045,51,-112,-124
-1082,-1233,7309,-237,353,-4056,49,-100,-130
-1082,-1233,7309,-175,347,-4049,58,-112,-119
-1082,-1233,7309,-192,380,-4071,51,-114,-136
-1082,-1243,7319,-223,347,-4026,51,-105,-105
-1092,-1243,7319,-219,343,-4054,60,-113,-111
-1092,-1243,7319,-286,322,-4030,45,-113,-103
-1092,-1243,7319,-217,321,-4018,48,-110,-113
-1092,-1243,7319,-234,346,-4097,53,-113,-111
-1092,-1243,7319,-230,346,-4088,32,-113,-115
-1092,-1243,7319,-233,314,-3952,44,-106,-114
-1092,-1243,7319,-247,342,-3958,55,-104,-112
-1092,-1243,7319,-249,315,-4069,66,-108,-123
-1062,-1234,7266,-244,378,-4041,48,-115,-130
-1062,-1234,7266,-265,355,-4051,46,-108,-106
-1062,-1234,7266,-253,337,-4051,49,-113,-121
-1062,-1234,7266,-251,369,-3969,45,-108,-130
-1062,-1234,7266,-246,354,-4062,49,-113,-129
-1062,-1234,7266,-218,326,-4170,48,-102,-105
-1062,-1234,7266,-228,378,-3974,48,-106,-101
-1062,-1234,7266,-237,339,-3972,39,-111,-107
-1062,-1234,7266,-238,332,-4040,55,-115,-104
-1098,-1248,7245,-269,373,-4079,43,-104,-106
-1098,-1248,7245,-218,334,-3789,64,-110,-114
-1098,-1248,7245,-236,290,-4031,36,-113,-115
-1098,-1248,7245,-255,311,-4262,57,-112,-113
-1098,-1248,7245,-209,330,-3926,56,-105,-119
-1098,-1248,7245,-247,375,-4019,58,-106,-125
-1098,-1248,7245,-252,370,-4176,56,-105,-119
-1098,-1248,7245,-187,285,-3985,48,-108,-124
-1098,-1248,7245,-249,347,-4093,40,-108,-123
-1098,-1248,7245,-299,315,-4079,54,-107,-117
-1099,-1257,7278,-244,352,-3911,28,-114,-112
-1099,-1257,7278,-213,359,-4050,55,-108,-112
-1099,-1257,7278,-196,326,-4163,48,-114,-108
-1099,-1257,7278,-209,325,-3989,38,-120,-121
-1099,-1257,7278,-291,389,-4058,43,-111,-120
-1099,-1257,7278,-245,345,-4042,35,-112,-105
-1099,-1257,7278,-183,289,-4064,43,-104,-100
-1099,-1257,7278,-270,368,-4058,47,-115,-110
-1099,-1257,7278,-227,335,-4069,48,-108,-110
-1085,-1236,7280,-197,392,-4066,61,-110,-114
-1085,-1236,7280,-239,353,-4012,50,-117,-126
-1085,-1236,7280,-222,308,-4039,42,-117,-126
-1085,-1236,7280,-270,352,-4118,46,-103,-108
-1085,-1236,7280,-208,358,-3980,62,-105,-101
-1085,-1236,7280,-207,345,-4001,38,-107,-98
-1085,-1236,7280,-511,321,-4166,57,-107,-103
-1085,-1236,7280,-259,315,-3968,39,-107,-113
-1085,-1236,7280,-240,358,-3933,46,-109,-97
-1121,-1234,7305,-191,309,-4157,49,-101,-91
-1121,-1234,7305,-220,295,-4064,49,-113,-106
-1121,-1234,7305,-254,346,-3976,53,-109,-116
-1121,-1234,7305,-257,381,-4080,57,-113,-118
-1121,-1234,7305,-212,316,-4013,62,-109,-117
-1121,-1234,7305,-261,349,-4066,33,-105,-111
-1121,-1234,7305,-286,316,-4055,33,-107,-114
-1121,-1234,7305,-260,334,-4021,48,-119,-124
-1121,-1234,7305,-225,393,-3972,45,-109,-135
-1111,-1217,7337,-182,328,-4121,44,-111,-133
-1111,-1217,7337,-247,311,-4060,45,-107,-133
-1111,-1217,7337,-260,364,-3965,41,-117,-124
-1111,-1217,7337,-243,353,-4050,51,-117,-119
-1111,-1217,7337,-207,325,-4059,48,-94,-109
-1111,-1217,7337,-241,331,-3996,52,-113,-112
-1111,-1217,7337,-284,368,-4010,47,-106,-108
-1111,-1217,7337,-213,325,-4032,55,-105,-105
-1111,-1217,7337,-213,345,-4037,39,-114,-117
-1080,-1252,7294,-215,348,-4060,57,-108,-107
-1080,-1252,7294,-231,333,-4034,50,-104,-104
-1080,-1252,7294,-213,359,-3992,47,-108,-97
-1080,-1252,7294,-227,355,-4041,59,-109,-118
-1080,-1252,7294,-178,324,-4083,39,-108,-108
-1080,-1252,7294,-264,320,-3973,45,-107,-109
-1080,-1252,7294,-268,348,-4021,34,-109,-104
-1080,-1252,7294,-143,353,-3949,56,-127,-109
-1080,-1252,7294,-148,502,-4318,20,-125,-119
-1072,-1212,7331,-275,427,-4365,69,-101,-118
-1072,-1212,7331,-24,299,-3739,54,-92,-114
-1072,-1212,7331,-273,345,-3684,50,-113,-118
-1072,-1212,7331,-331,247,-4197,19,-116,-117
-1072,-1212,7331,-216,318,-4148,67,-120,-114
-1072,-1212,7331,-167,373,-3737,28,-120,-112
-1072,-1212,7331,-279,399,-4212,39,-93,-85
-1072,-1212,7331,-151,373,-4161,71,-121,-90
-1072,-1212,7331,-177,341,-3910,52,-113,-102
-1058,-1229,7297,-258,358,-4057,47,-110,-112
-1058,-1229,7297,-376,266,-4013,42,-114,-112
-1058,-1229,7297,-288,401,-4033,45,-102,-120
-1058,-1229,7297,-171,351,-4135,54,-108,-128
-1058,-1229,7297,-144,284,-4007,48,-114,-133
-1058,-1229,7297,-286,316,-3977,62,-111,-131
-1058,-1229,7297,-293,405,-4159,58,-112,-124
-1058,-1229,7297,-219,325,-4029,57,-113,-125
-1058,-1229,7297,-231,333,-3992,31,-109,-121
-1068,-1228,7296,-316,330,-4018,24,-99,-127
-1068,-1228,7296,-272,306,-4008,43,-115,-128
-1068,-1228,7296,-174,374,-3936,34,-108,-132
-1068,-1228,7296,-228,395,-4124,58,-112,-128
-1068,-1228,7296,-186,352,-4013,47,-109,-123
-1068,-1228,7296,-193,327,-4089,55,-112,-124
-1068,-1228,7296,-210,370,-3964,33,-119,-94
-1068,-1228,7296,-230,322,-3864,38,-113,-115
-1068,-1228,7296,-244,394,-4013,28,-106,-114
-1074,-1225,7303,-344,303,-3909,47,-105,-113
-1074,-1225,7303,-470,336,-4018,41,-114,-115
-1074,-1225,7303,-252,284,-4087,56,-113,-123
-1074,-1225,7303,-196,366,-4044,45,-109,-128
-1074,-1225,7303,-205,409,-4005,42,-115,-112
-1074,-1225,7303,-215,387,-4024,30,-114,-106
-1074,-1225,7303,-235,303,-4076,30,-100,-102
-1074,-1225,7303,-243,315,-4042,47,-107,-100
-1074,-1225,7303,-305,300,-3947,51,-108,-108
-1093,-1239,7293,-285,352,-3948,41,-107,-112
-1093,-1239,7293,-250,392,-4071,58,-111,-122
-1093,-1239,7293,-141,369,-4023,73,-112,-124
-1093,-1239,7293,-286,344,-4068,52,-115,-112
-1093,-1239,7293,-204,337,-4005,52,-115,-105
-1093,-1239,7293,-184,356,-4016,61,-111,-118
-1093,-1239,7293,-264,320,-4069,40,-111,-93
-1093,-1239,7293,-241,331,-4029,29,-99,-99
-1093,-1239,7293,-284,332,-3952,30,-116,-103
-1062,-1247,7281,-170,332,-4124,29,-107,-104
-1062,-1247,7281,-228,383,-4089,38,-111,-113
-1062,-1247,7281,-238,354,-3996,54,-108,-126
-1062,-1247,7281,-229,337,-3994,52,-111,-112
-1062,-1247,7281,-221,341,-4037,53,-118,-100
-1062,-1247,7281,-210,310,-4030,67,-112,-103
-1062,-1247,7281,-14,311,-4047,51,-109,-115
-1062,-1247,7281,-28,369,-4037,38,-112,-121
-1062,-1247,7281,-362,286,-3943,48,-108,-115
-1084,-1246,7299,-230,168,-3766,40,-117,-125
-1084,-1246,7299,-172,182,-4495,22,-109,-95
-1084,-1246,7299,-425,555,-4754,41,-98,-110
-1084,-1246,7299,-329,613,-3565,30,-106,-119
-1084,-1246,7299,-429,729,-4288,56,-107,-115
-1084,-1246,7299,-181,216,-4252,68,-101,-113
-1084,-1246,7299,-82,-2,-3490,56,-107,-106
-1084,-1246,7299,-323,183,-4078,32,-113,-118
-1084,-1246,7299,-254,328,-4653,67,-106,-110
-1076,-1238,7311,-66,494,-3539,37,-102,-117
-1076,-1238,7311,-206,634,-4430,59,-97,-126
-1076,-1238,7311,-213,325,-4340,57,-115,-106
-1076,-1238,7311,-302,279,-3551,63,-116,-104
-1076,-1238,7311,-429,518,-4224,47,-115,-101
-1076,-1238,7311,-309,195,-4452,59,-110,-100
-1076,-1238,7311,-143,231,-3523,45,-98,-125
-1076,-1238,7311,-183,331,-4130,38,-97,-115
-1076,-1238,7311,-158,302,-4310,60,-117,-119
-1088,-1227,7308,-205,478,-3849,50,-116,-91
-1088,-1227,7308,-351,726,-4022,55,-112,-101
-1088,-1227,7308,-341,230,-4095,59,-110,-105
-1088,-1227,7308,-174,87,-3874,47,-109,-114
-1088,-1227,7308,-171,173,-4079,46,-108,-125
-1088,-1227,7308,-192,260,-4077,55,-114,-130
-1088,-1227,7308,-311,519,-4038,37,-112,-103
-1088,-1227,7308,-291,623,-4011,54,-105,-104
-1088,-1227,7308,-212,404,-4057,45,-108,-100
-1086,-1238,7256,-152,228,-4122,37,-109,-108
-1086,-1238,7256,-199,293,-3927,49,-113,-110
-1086,-1238,7256,-429,285,-3879,61,-114,-125
-1086,-1238,7256,-179,283,-4106,49,-114,-134
-1086,-1238,7256,-315,331,-4017,34,-107,-121
-1086,-1238,7256,-251,361,-4013,41,-113,-114
-1086,-1238,7256,-182,404,-4134,55,-109,-105
-1086,-1238,7256,-206,752,-3875,46,-112,-100
-1086,-1238,7256,-241,360,-4075,28,-112,-109
-1094,-1230,7279,-253,145,-4139,59,-108,-117
-1094,-1230,7279,-489,63,-3846,47,-112,-121
-1094,-1230,7279,-316,304,-3976,41,-105,-109
-1094,-1230,7279,-252,504,-4116,62,-111,-114
-1094,-1230,7279,-146,610,-4096,50,-108,-118
-1094,-1230,7279,-186,526,-4068,55,-105,-91
-1094,-1230,7279,-205,219,-4110,61,-113,-95
-1094,-1230,7279,-224,94,-4064,72,-117,-104
-1094,-1230,7279,-340,212,-4069,45,-101,-115
-1076,-1277,7271,-323,381,-4032,47,-102,-110
-1076,-1277,7271,-293,725,-3945,50,-114,-113
-1076,-1277,7271,-202,440,-3949,50,-112,-108
-1076,-1277,7271,-146,324,-4091,66,-114,-109
-1076,-1277,7271,-235,285,-4043,65,-121,-119
-1076,-1277,7271,-225,357,-3834,47,-106,-121
-1076,-1277,7271,-311,261,-3801,51,-112,-130
-1076,-1277,7271,-156,176,-3767,39,-112,-137
-1076,-1277,7271,-324,338,-4386,73,-129,-123
-1096,-1266,7303,-69,511,-3759,31,-105,-106
-1096,-1266,7303,-153,645,-4454,69,-102,-102
-1096,-1266,7303,-128,460,-3838,30,-125,-122
-1096,-1266,7303,-370,85,-3857,88,-108,-130
-1096,-1266,7303,-408,92,-4148,28,-113,-132
-1096,-1266,7303,-276,80,-3745,61,-109,-140
-1096,-1266,7303,-167,553,-3955,22,-100,-98
-1096,-1266,7303,-207,531,-4188,39,-102,-105
-1096,-1266,7303,-104,526,-4101,48,-107,-108
-1065,-1230,7286,-69,349,-4189,49,-118,-116
-1065,-1230,7286,-16,181,-4035,43,-110,-124
-1065,-1230,7286,-229,207,-3988,52,-106,-138
-1065,-1230,7286,-502,264,-4069,47,-113,-123
-1065,-1230,7286,-506,326,-3933,15,-102,-111
-1065,-1230,7286,-302,340,-3965,26,-95,-102
-1065,-1230,7286,-31,471,-4035,36,-105,-101
-1065,-1230,7286,-42,369,-4069,56,-108,-93
-1065,-1230,7286,-154,455,-4177,61,-111,-106
-1071,-1246,7295,-193,337,-3919,59,-108,-129
-1071,-1246,7295,-191,229,-3980,50,-120,-136
-1071,-1246,7295,-317,175,-3883,53,-94,-124
-1071,-1246,7295,-482,316,-3880,52,-107,-111
-1071,-1246,7295,-414,502,-3863,42,-111,-116
-1071,-1246,7295,-178,435,-4226,59,-111,-113
-1071,-1246,7295,40,351,-4081,59,-114,-113
-1071,-1246,7295,-31,227,-4092,51,-120,-122
-1071,-1246,7295,-195,297,-4147,45,-111,-122
-1058,-1247,7299,-354,334,-3927,36,-109,-123
-1058,-1247,7299,-359,417,-3957,48,-118,-120
-1058,-1247,7299,-384,346,-4019,51,-109,-103
-1058,-1247,7299,-355,283,-3941,26,-113,-110
-1058,-1247,7299,-226,310,-4019,52,-114,-115
-1058,-1247,7299,13,361,-4138,22,-106,-123
-1058,-1247,7299,22,428,-4136,45,-111,-135
-1058,-1247,7299,-227,417,-4063,42,-102,-131
-1058,-1247,7299,-383,329,-3936,46,-120,-122
-1068,-1229,7244,-323,284,-3912,41,-110,-115
-1068,-1229,7244,-231,558,-4009,52,-108,-117
-1068,-1229,7244,-365,199,-4141,46,-112,-113
-1068,-1229,7244,-376,142,-3980,43,-108,-108
-1068,-1229,7244,-167,181,-3897,43,-88,-115
-1068,-1229,7244,-14,412,-4284,41,-121,-117
-1068,-1229,7244,-47,541,-4071,32,-117,-123
-1068,-1229,7244,-499,625,-3864,55,-120,-132
-1068,-1229,7244,-388,466,-3999,50,-119,-132
-1076,-1238,7232,502,1224,-5200,60,-178,-186
-1076,-1238,7232,224,5250,-7893,-39,-271,-366
-1076,-1238,7232,-378,3720,-5048,-13,-149,-732
-1076,-1238,7232,1082,2628,-2195,-57,-250,-820
-1076,-1238,7232,-36,916,-4165,17,-70,-797
-1076,-1238,7232,-31,142,-3951,-13,-42,-818
-1076,-1238,7232,-745,-1187,-4603,-15,-152,-735
-1076,-1238,7232,-394,-270,-5173,-23,-182,-668
-1076,-1238,7232,134,1224,-4140,-39,-149,-678
-1076,-1238,7232,168,1844,-4116,-6,-137,-760
-1057,-1310,7279,186,1702,-4116,-42,-124,-847
-1057,-1310,7279,-111,1099,-4547,-44,-155,-901
-1057,-1310,7279,-150,978,-4305,-76,-189,-920
-1057,-1310,7279,3,975,-4161,-73,-166,-935
-1057,-1310,7279,-23,1013,-4206,-63,-164,-966
-1057,-1310,7279,-138,832,-4056,-45,-162,-993
-1057,-1310,7279,-224,647,-4119,-80,-169,-1016
-1057,-1310,7279,-234,626,-3964,-79,-184,-774
-1057,-1310,7279,-239,617,-4344,-98,-173,-772
-1054,-1451,7278,-13,639,-4178,-85,-158,-1026
-1054,-1451,7278,-14,432,-4122,-91,-181,-1023
-1054,-1451,7278,-11,475,-3992,-101,-179,-1036
-1054,-1451,7278,-36,448,-4032,-89,-166,-1030
-1054,-1451,7278,-115,417,-3921,-101,-156,-1026
-1054,-1451,7278,-20,310,-3966,-76,-152,-1032
-1054,-1451,7278,-183,322,-4017,-96,-162,-1041
-1054,-1451,7278,-84,275,-4074,-78,-168,-1052
-1054,-1451,7278,-170,316,-3990,-96,-161,-1055
-1013,-1636,7292,-201,279,-3949,-68,-152,-1057
-1013,-1636,7292,-339,277,-3977,-84,-169,-1052
-1013,-1636,7292,-235,135,-3952,-107,-157,-1033
-1013,-1636,7292,-352,96,-3913,-107,-154,-1019
-1013,-1636,7292,-282,146,-3775,-86,-163,-1010
-1013,-1636,7292,-218,66,-3729,-84,-132,-993
-1013,-1636,7292,-345,39,-3541,-94,-124,-993
-1013,-1636,7292,-511,45,-3756,-99,-89,-969
-1013,-1636,7292,-384,-36,-3864,-81,-77,-944
-970,-1810,7290,-556,-162,-3880,-107,-76,-943
-970,-1810,7290,-567,-161,-3959,-92,-89,-921
-970,-1810,7290,-500,-140,-4006,-92,-71,-895
-970,-1810,7290,-541,-71,-3719,-68,-59,-873
-970,-1810,7290,-575,9,-3771,-51,-77,-861
-970,-1810,7290,-648,-40,-3828,-61,-72,-837
-970,-1810,7290,-658,144,-4166,-55,-72,-827
-970,-1810,7290,-646,-84,-4172,-58,-64,-816
-970,-1810,7290,-790,-294,-4088,-40,-75,-784
-958,-1947,7318,-725,-297,-4235,-60,-89,-749
-958,-1947,7318,-711,-251,-4218,-44,-113,-718
-958,-1947,7318,-686,-124,-4275,-68,-116,-695
-958,-1947,7318,-615,-281,-4237,-71,-113,-662
-958,-1947,7318,-643,-297,-4082,-45,-126,-661
-958,-1947,7318,-704,-492,-3965,-46,-127,-630
-958,-1947,7318,-733,-619,-4051,-48,-115,-561
-958,-1947,7318,-707,-953,-4078,-12,-122,-507
-958,-1947,7318,-604,-1274,-3908,-30,-125,-465
-877,-2066,7303,-686,-1009,-3919,-8,-125,-405
-877,-2066,7303,-667,-1032,-3860,-13,-134,-358
-877,-2066,7303,-678,-1005,-3691,7,-127,-296
-877,-2066,7303,-709,-1017,-3803,6,-106,-243
-877,-2066,7303,-713,-1157,-3644,32,-105,-180
-877,-2066,7303,-843,-1157,-3720,43,-87,-120
-877,-2066,7303,-959,-1095,-3810,57,-86,-63
-877,-2066,7303,-1113,-913,-4002,46,-89,-23
-877,-2066,7303,-1101,-718,-4124,37,-79,27
-886,-2077,7271,-620,-638,-4123,78,-94,87
-886,-2077,7271,-699,-447,-3560,88,-112,157
-886,-2077,7271,-881,-513,-4189,101,-124,184
-886,-2077,7271,-797,-431,-4328,91,-112,243
-886,-2077,7271,-941,-471,-4138,131,-128,286
-886,-2077,7271,-1013,-631,-4277,123,-149,331
-886,-2077,7271,-958,-274,-4321,116,-154,377
-886,-2077,7271,-977,-504,-4342,136,-158,414
-886,-2077,7271,-900,-404,-4373,141,-181,450
-892,-2012,7270,-735,-259,-4393,142,-204,476
-892,-2012,7270,-809,-289,-4456,109,-212,510
-892,-2012,7270,-814,-244,-4274,147,-244,538
-892,-2012,7270,-773,-233,-4491,132,-256,564
-892,-2012,7270,-739,-129,-4308,127,-261,587
-892,-2012,7270,-829,-353,-4241,158,-289,602
-892,-2012,7270,-801,-473,-4425,158,-311,630
-892,-2012,7270,-658,-342,-4418,148,-297,673
-892,-2012,7270,-623,33,-4140,149,-306,703
-895,-1870,7298,-667,1,-4267,148,-330,716
-895,-1870,7298,-655,-39,-3863,135,-327,733
-895,-1870,7298,-672,-229,-3701,170,-322,749
-895,-1870,7298,-554,-192,-3643,162,-286,776
-895,-1870,7298,-699,-379,-3636,191,-299,815
-895,-1870,7298,-791,-707,-3797,175,-277,868
-895,-1870,7298,-677,-659,-3861,199,-277,906
-895,-1870,7298,-577,-631,-3844,223,-228,952
-895,-1870,7298,-671,-546,-3590,225,-253,1001
-867,-1724,7298,-581,-525,-3697,223,-235,1026
-867,-1724,7298,-754,-448,-3732,240,-211,1070
-867,-1724,7298,-807,-587,-3760,233,-218,1107
-867,-1724,7298,-922,-824,-3457,283,-208,1152
-867,-1724,7298,-753,-885,-3616,297,-202,1211
-867,-1724,7298,-802,-836,-3872,281,-187,1256
-867,-1724,7298,-504,-280,-3770,298,-163,1292
-867,-1724,7298,-469,-543,-3745,300,-185,1316
-867,-1724,7298,-438,-454,-4038,303,-184,1353
-904,-1528,7322,-479,-370,-4227,320,-180,1364
-904,-1528,7322,-463,-200,-4372,312,-180,1376
-904,-1528,7322,-369,-161,-4324,319,-187,1389
-904,-1528,7322,49,-311,-4516,321,-224,1394
-904,-1528,7322,-13,-289,-4253,289,-232,1412
-904,-1528,7322,437,-365,-4582,301,-257,1466
-904,-1528,7322,361,-267,-4628,280,-232,1468
-904,-1528,7322,284,-144,-4718,282,-276,1468
-904,-1528,7322,254,82,-4642,301,-283,1469
-833,-1285,7354,277,245,-5196,492,-301,1458
-833,-1285,7354,130,520,-4846,278,-347,1444
-833,-1285,7354,459,391,-5148,276,-388,1414
-833,-1285,7354,261,411,-4712,204,-398,1391
-833,-1285,7354,232,342,-4646,263,-443,1396
-833,-1285,7354,289,479,-4720,263,-438,1388
-833,-1285,7354,363,433,-4368,260,-460,1373
-833,-1285,7354,576,590,-4313,198,-456,1344
-833,-1285,7354,301,521,-3968,266,-480,1333
-706,-1055,7357,330,446,-4437,238,-464,1330
-706,-1055,7357,402,326,-3880,240,-464,1313
-706,-1055,7357,105,76,-3588,274,-445,1301
-706,-1055,7357,264,179,-4003,273,-445,1281
-706,-1055,7357,481,288,-4055,204,-403,1244
-706,-1055,7357,127,-47,-3544,270,-406,1229
-706,-1055,7357,-21,-271,-3742,274,-359,1229
-706,-1055,7357,408,272,-3448,250,-321,1249
-706,-1055,7357,41,-39,-3576,268,-335,1243
-509,-890,7351,234,130,-3444,278,-326,1239
-509,-890,7351,262,144,-3455,282,-243,1241
-509,-890,7351,217,91,-3735,284,-259,1242
-509,-890,7351,323,243,-3697,270,-236,1239
-509,-890,7351,-44,227,-3856,301,-210,1226
-509,-890,7351,-322,463,-3976,346,-207,1226
-509,-890,7351,62,590,-4330,302,-197,1204
-509,-890,7351,474,782,-3428,229,-164,1167
-509,-890,7351,-313,415,-3785,327,-190,1163
-343,-724,7362,-213,1059,-4268,315,-207,1131
-343,-724,7362,180,1166,-4218,221,-116,1115
-343,-724,7362,93,917,-3557,256,-137,1083
-343,-724,7362,-226,830,-3683,319,-156,1046
-343,-724,7362,210,970,-4172,210,-120,1025
-343,-724,7362,38,1188,-3610,269,-128,987
-343,-724,7362,-116,1064,-4576,271,-107,949
-343,-724,7362,387,1133,-3988,170,-96,942
-343,-724,7362,4,1058,-4190,295,-159,896
-197,-579,7330,121,797,-4782,204,-122,865
-197,-579,7330,108,1042,-3923,217,-146,837
-197,-579,7330,41,885,-4754,10,-179,827
-197,-579,7330,446,957,-4036,108,-149,798
-197,-579,7330,-64,808,-3976,264,-225,761
-197,-579,7330,240,854,-4953,152,-172,760
-197,-579,7330,268,980,-3077,163,-171,739
-197,-579,7330,71,673,-4596,241,-184,714
-197,-579,7330,606,1118,-3855,70,-148,692
-82,-538,7318,-176,912,-3526,258,-192,650
-82,-538,7318,89,972,-4699,158,-110,639
-82,-538,7318,353,1338,-3314,108,-98,589
-82,-538,7318,-176,1112,-4116,243,-176,550
-82,-538,7318,186,1080,-4462,86,-151,519
-82,-538,7318,-162,1314,-3260,142,-137,516
-82,-538,7318,-595,1227,-4860,181,-93,487
-82,-538,7318,109,1439,-3542,74,-113,425
-82,-538,7318,-210,1670,-3717,153,-174,342
2,-482,7294,-318,1895,-4366,118,-97,305
2,-482,7294,-87,1795,-4034,92,-77,265
2,-482,7294,-334,1946,-3718,120,-102,193
2,-482,7294,-311,1943,-3746,82,-107,122
2,-482,7294,-245,1951,-3766,66,-82,76
2,-482,7294,-298,2102,-3922,94,-81,23
2,-482,7294,-405,2157,-3790,72,-74,-52
2,-482,7294,-397,2154,-4047,69,-81,-126
2,-482,7294,-328,2231,-4153,52,-81,-192
32,-454,7316,252,2047,-4119,76,-73,-253
32,-454,7316,-25,1973,-4325,50,-98,-322
32,-454,7316,23,1841,-4150,-15,-81,-407
32,-454,7316,158,1730,-4195,-9,-88,-489
32,-454,7316,45,1825,-3917,-20,-106,-553
32,-454,7316,213,1913,-4055,-39,-101,-620
32,-454,7316,229,1864,-3974,-42,-117,-683
32,-454,7316,176,1729,-4025,-44,-101,-754
32,-454,7316,127,1795,-4126,-67,-95,-821
-34,-482,7305,206,1766,-4127,-92,-77,-893
-34,-482,7305,300,1802,-4067,-102,-76,-940
-34,-482,7305,267,1871,-4165,-100,-58,-994
-34,-482,7305,384,1882,-4065,-122,-35,-1061
-34,-482,7305,407,1767,-4028,-127,-48,-1134
-34,-482,7305,346,1724,-3789,-131,-27,-1203
-34,-482,7305,461,1789,-3864,-152,-25,-1267
-34,-482,7305,475,1645,-3829,-166,-6,-1320
-34,-482,7305,405,1656,-4035,-145,3,-1383
-192,-561,7309,416,1661,-3881,-175,16,-1434
-192,-561,7309,175,1762,-4040,-174,13,-1510
-192,-561,7309,422,1544,-4112,-202,35,-1570
-192,-561,7309,544,1494,-4140,-218,38,-1653
-192,-561,7309,456,1492,-4092,-238,18,-1717
-192,-561,7309,354,1398,-4060,-226,14,-1719
-192,-561,7309,422,1318,-4160,-235,40,-1774
-192,-561,7309,478,1346,-4098,-249,41,-1838
-192,-561,7309,549,1409,-4183,-271,40,-1897
-323,-693,7338,440,1510,-4029,-9,28,-1972
-323,-693,7338,493,1461,-4355,-259,22,-2020
-323,-693,7338,258,1246,-4115,-292,17,-2066
-323,-693,7338,394,1004,-4146,-277,36,-2091
-323,-693,7338,476,1204,-4238,-293,49,-2133
-323,-693,7338,567,895,-4244,-314,37,-2172
-323,-693,7338,593,911,-3884,-323,51,-2193
-323,-693,7338,569,909,-3957,-329,77,-2226
-323,-693,7338,564,944,-4220,-322,80,-2219
-546,-946,7353,233,805,-3911,-361,109,-2236
-546,-946,7353,393,865,-4204,-329,97,-2269
-546,-946,7353,915,839,-4403,-358,106,-2256
-546,-946,7353,893,511,-4484,-342,116,-2297
-546,-946,7353,500,798,-4350,-352,127,-2315
-546,-946,7353,921,729,-4771,-338,96,-2329
-546,-946,7353,685,653,-4696,-369,101,-2353
-546,-946,7353,796,619,-4583,-384,105,-2361
-546,-946,7353,834,572,-4406,-365,88,-2366
-546,-1283,7389,848,570,-4308,-388,76,-2364
-724,-1283,7389,847,681,-4100,-399,87,-2387
-724,-1283,7389,722,698,-4252,-395,101,-2376
-724,-1283,7389,804,462,-4121,-424,117,-2380
-724,-1283,7389,853,554,-4250,-360,88,-2394
-724,-1283,7389,938,352,-4245,-373,93,-2398
-724,-1283,7389,806,386,-4677,-364,100,-2382
-724,-1283,7389,921,355,-4361,-394,139,-2377
-724,-1283,7389,752,238,-4540,-411,80,-2355
-724,-1283,7389,915,121,-4101,-402,105,-2339
-781,-1660,7417,887,173,-4212,-406,120,-2321
-781,-1660,7417,1031,-79,-4095,-409,144,-2297
-781,-1660,7417,1252,-26,-4317,-371,88,-2292
-781,-1660,7417,1382,-247,-4280,-382,117,-2263
-781,-1660,7417,977,-122,-4070,-375,130,-2251
-781,-1660,7417,561,147,-4218,-384,145,-2262
-781,-1660,7417,764,-34,-4216,-400,116,-2258
-781,-1660,7417,974,142,-4287,-381,114,-2232
-781,-1660,7417,1247,197,-4459,-390,157,-2243
-736,-2059,7295,1001,207,-4501,-363,114,-2231
-736,-2059,7295,968,132,-4306,-377,105,-2230
-736,-2059,7295,955,140,-4480,-346,139,-2217
-736,-2059,7295,946,78,-4548,-337,136,-2205
-736,-2059,7295,758,0,-4675,-381,112,-2207
-736,-2059,7295,829,-29,-4597,-389,83,-2211
-736,-2059,7295,687,-7,-4654,-382,83,-2187
-736,-2059,7295,760,-16,-4754,-383,37,-2176
-736,-2059,7295,985,245,-5058,-409,31,-2171
-653,-2410,7244,621,15,-4903,-407,20,-2161
-653,-2410,7244,609,-159,-4735,-413,-8,-2141
-653,-2410,7244,546,-348,-4788,-425,-54,-2136
-653,-2410,7244,483,-297,-4621,-415,-36,-2102
-653,-2410,7244,338,-390,-4511,-409,-91,-2070
-653,-2410,7244,284,-492,-4460,-415,-77,-2049
-653,-2410,7244,237,-450,-4465,-428,-109,-2012
-653,-2410,7244,-182,-314,-4370,-406,-98,-1975
-653,-2410,7244,374,-281,-4103,-417,-110,-1965
-409,-2752,7146,12,-314,-4282,-434,-97,-1930
-409,-2752,7146,91,-547,-4241,-434,-97,-1899
-409,-2752,7146,187,-531,-4315,-409,-96,-1853
-409,-2752,7146,111,-437,-4123,-413,-79,-1836
-409,-2752,7146,165,-795,-4041,-418,-87,-1786
-409,-2752,7146,-39,-794,-4077,-379,-70,-1754
-409,-2752,7146,-209,-755,-3757,-408,-56,-1702
-409,-2752,7146,-324,-684,-3744,-409,-66,-1668
-409,-2752,7146,-221,-853,-3603,-390,-36,-1625
-123,-2970,7104,-204,-872,-3479,-349,-36,-1535
-123,-2970,7104,-416,-1130,-3173,-352,4,-1469
-123,-2970,7104,-255,-1155,-3166,-338,36,-1419
-123,-2970,7104,-259,-1241,-3402,-292,64,-1350
-123,-2970,7104,-479,-1220,-3552,-259,76,-1283
-123,-2970,7104,-555,-1411,-3890,-230,81,-1207
-123,-2970,7104,-524,-1270,-3958,-212,96,-1147
-123,-2970,7104,-749,-1209,-4146,-175,93,-1070
-123,-2970,7104,-669,-1183,-4101,-174,82,-1003
134,-3079,7012,-909,-1363,-4216,-160,77,-906
134,-3079,7012,-1076,-1270,-4094,-141,47,-849
134,-3079,7012,-1259,-1313,-4283,-112,42,-785
134,-3079,7012,-1240,-1534,-4018,-96,35,-710
134,-3079,7012,-1308,-1546,-4271,-64,30,-631
134,-3079,7012,-1465,-1721,-4450,-49,-5,-553
134,-3079,7012,-1399,-1638,-4207,-31,-18,-488
134,-3079,7012,-1525,-1669,-4112,-18,-46,-410
134,-3079,7012,-1463,-1723,-4133,18,-60,-337
230,-3147,6982,-1627,-1727,-3953,10,-58,-248
230,-3147,6982,-1575,-1709,-3840,42,-78,-184
230,-3147,6982,-1600,-1640,-3598,57,-66,-80
230,-3147,6982,-1482,-1516,-3552,61,-59,-21
230,-3147,6982,-1571,-1413,-3507,96,-40,50
230,-3147,6982,-1480,-1386,-3445,114,-44,112
230,-3147,6982,-1439,-1261,-3547,127,-20,177
230,-3147,6982,-1491,-1399,-3736,155,-28,244
230,-3147,6982,-1504,-1536,-3763,186,-17,343
154,-3110,6940,-1489,-1539,-3697,199,-31,413
154,-3110,6940,-1487,-1403,-3632,234,-19,482
154,-3110,6940,-1388,-1341,-3523,241,-5,559
154,-3110,6940,-1303,-1165,-3477,264,5,624
154,-3110,6940,-1327,-1073,-3581,287,19,699
154,-3110,6940,-1395,-1199,-3746,291,21,768
154,-3110,6940,-1143,-1223,-4070,311,8,836
154,-3110,6940,-1123,-1299,-4194,337,-3,919
154,-3110,6940,-1034,-1526,-4159,361,-7,998
-33,-3050,6982,-771,-1537,-4155,363,-35,1078
-33,-3050,6982,-771,-1307,-4239,376,-30,1161
-33,-3050,6982,-630,-1358,-4029,380,-37,1221
-33,-3050,6982,-464,-1548,-4090,393,-43,1279
-33,-3050,6982,-225,-1529,-4048,383,-61,1339
-33,-3050,6982,-396,-1444,-4079,405,-60,1417
-33,-3050,6982,-44,-1516,-4468,417,-57,1501
-33,-3050,6982,-20,-1348,-4465,414,-75,1580
-33,-3050,6982,-6,-1400,-4751,414,-91,1638
-322,-2860,7070,169,-1279,-4560,408,-121,1696
-322,-2860,7070,368,-1368,-4736,461,-135,1766
-322,-2860,7070,261,-1433,-5131,448,-172,1837
-322,-2860,7070,448,-1418,-4983,393,-215,1893
-322,-2860,7070,459,-1353,-5143,416,-215,1959
-322,-2860,7070,285,-1497,-4853,430,-252,2056
-322,-2860,7070,282,-1550,-4200,437,-288,2134
-322,-2860,7070,635,-1189,-4440,429,-275,2160
-322,-2860,7070,549,-947,-4148,483,-276,2205
-628,-2573,7196,678,-944,-4457,448,-282,2243
-628,-2573,7196,768,-839,-4544,460,-283,2274
-628,-2573,7196,697,-986,-4819,480,-317,2309
-628,-2573,7196,677,-927,-5202,439,-345,2359
-628,-2573,7196,811,-963,-4807,421,-351,2385
-628,-2573,7196,661,-701,-5029,445,-387,2414
-628,-2573,7196,739,-853,-5313,439,-425,2457
-628,-2573,7196,938,-784,-4760,421,-474,2449
-628,-2573,7196,773,-437,-4866,454,-493,2442
-866,-2157,7249,740,-304,-4752,441,-512,2443
-866,-2157,7249,687,-37,-4440,468,-495,2492
-866,-2157,7249,793,-203,-4377,421,-263,2470
-866,-2157,7249,696,-206,-4108,422,-502,2454
-866,-2157,7249,943,-89,-4291,451,-541,2463
-866,-2157,7249,1167,-97,-4361,422,-527,2439
-866,-2157,7249,1115,66,-4415,432,-524,2424
-866,-2157,7249,1232,-114,-4529,435,-547,2407
-866,-2157,7249,1210,112,-5007,471,-552,2382
-857,-1749,7303,1359,269,-4472,444,-585,2336
-857,-1749,7303,1121,331,-4255,426,-578,2302
-857,-1749,7303,1407,405,-4981,484,-603,2271
-857,-1749,7303,1318,187,-4551,441,-596,2223
-857,-1749,7303,1218,194,-4528,422,-623,2165
-857,-1749,7303,1676,72,-4751,378,-669,2109
-857,-1749,7303,1244,434,-4769,408,-647,2084
-857,-1749,7303,1018,422,-4713,398,-644,2023
-857,-1749,7303,1199,397,-4460,432,-669,2004
-659,-1373,7364,1214,660,-4296,426,-685,1959
-659,-1373,7364,870,578,-4543,422,-694,1940
-659,-1373,7364,705,845,-4068,419,-669,1911
-659,-1373,7364,979,455,-4235,384,-652,1904
-659,-1373,7364,377,643,-4145,370,-662,1884
-659,-1373,7364,1172,736,-3994,379,-622,1866
-659,-1373,7364,728,814,-3714,441,-604,1811
-659,-1373,7364,766,1101,-3663,423,-582,1749
-659,-1373,7364,1204,1082,-3078,392,-540,1691
-453,-1135,7380,638,1070,-3220,422,-508,1637
-453,-1135,7380,1219,1473,-2925,381,-426,1586
-453,-1135,7380,609,1473,-2699,428,-366,1500
-453,-1135,7380,1086,2464,-2584,419,-315,1392
-453,-1135,7380,978,2698,-2433,377,-230,1266
-453,-1135,7380,818,3525,-2646,378,-146,1121
-453,-1135,7380,1200,3811,-2744,337,-84,943
-453,-1135,7380,704,4052,-3500,296,-34,751
-453,-1135,7380,730,4242,-4218,248,-32,571
-305,-902,7346,652,4286,-5546,184,-60,390
-305,-902,7346,759,4575,-6541,125,-116,218
-305,-902,7346,1149,4787,-6965,57,-203,41
-305,-902,7346,1153,4719,-7415,-12,-305,-151
-305,-902,7346,990,4502,-7771,-82,-458,-314
-305,-902,7346,991,4333,-8209,-143,-592,-460
-305,-902,7346,892,3913,-8102,-226,-740,-594
-305,-902,7346,647,3279,-7702,-253,-868,-699
-305,-902,7346,475,2638,-7310,-340,-1012,-767
-179,-950,7349,259,2162,-6859,-411,-1140,-837
-179,-950,7349,178,1734,-6549,-430,-1233,-869
-179,-950,7349,24,1236,-6122,-494,-1302,-865
-179,-950,7349,-61,959,-5573,-271,-1389,-900
-179,-950,7349,-156,543,-5281,-568,-1453,-917
-179,-950,7349,-375,363,-5246,-577,-1509,-906
-179,-950,7349,-487,135,-5269,-609,-1550,-905
-179,-950,7349,-732,-129,-5054,-656,-1613,-890
-179,-950,7349,-574,-412,-4845,-648,-1666,-879
333,-1234,7403,-728,-530,-4617,-683,-1702,-861
333,-1234,7403,-788,-746,-4413,-694,-1742,-824
333,-1234,7403,-756,-960,-4014,-698,-1782,-754
333,-1234,7403,-948,-1090,-3539,-659,-1786,-717
333,-1234,7403,-1073,-955,-3253,-678,-2021,-665
333,-1234,7403,-1154,-1032,-2863,-628,-1778,-614
333,-1234,7403,-1238,-812,-2238,-594,-1734,-572
333,-1234,7403,-1528,-672,-2013,-588,-1725,-524
333,-1234,7403,-1420,-284,-1526,-588,-1669,-517
988,-1436,7285,-1787,-50,-1042,-488,-1604,-487
988,-1436,7285,-2172,-100,-2101,-443,-1457,-485
988,-1436,7285,-2878,440,-2247,-823,-1580,-483
988,-1436,7285,-2106,1748,-1507,-615,-1551,-325
988,-1436,7285,-2160,-50,-1389,-560,-1340,-259
988,-1436,7285,-3087,991,997,-543,-1260,-574
988,-1436,7285,-3517,1897,-179,-609,-840,-423
988,-1436,7285,-3310,1034,1359,-455,-1046,-431
988,-1436,7285,-3695,-833,1066,-590,-1193,-433
1448,-1626,7078,-5127,3450,2188,-236,-767,-606
1448,-1626,7078,-799,2709,5125,-652,-446,-363
1448,-1626,7078,-4486,450,-1320,-584,-474,-346
1448,-1626,7078,-2886,-184,-1444,-462,-446,-351
1448,-1626,7078,-3219,-393,-1316,-743,-408,-233
1448,-1626,7078,-7366,1338,2987,-920,451,-274
1448,-1626,7078,1703,-1063,3552,-700,78,-259
1448,-1626,7078,-7571,541,-2465,-479,114,-475
1448,-1626,7078,-2228,2808,3010,-181,278,-133
1448,-1626,7078,1464,3687,-3657,127,50,-30
1526,-1718,7083,-11571,-12865,-7487,-122,-637,-392
1526,-1718,7083,860,-4000,17784,352,660,1461
1526,-1718,7083,-5121,-601,2609,-297,548,425
1526,-1718,7083,32748,14196,-10484,-3748,-1790,-421
1526,-1718,7083,15985,5797,1288,2301,3767,-2082
1526,-1718,7083,32163,1105,8707,-2249,-2904,-2000
1526,-1718,7083,-7713,12080,-21729,1762,1720,-2613
1526,-1718,7083,18728,1819,13409,841,997,-1046
1526,-1718,7083,-9907,11851,-13309,-598,1030,-320
1211,-1788,7247,-2610,-2928,-20514,865,1201,-630
1211,-1788,7247,6627,1515,-2608,87,1575,-1046
1211,-1788,7247,-2237,-11491,-9561,-30,2020,-1317
1211,-1788,7247,1641,-8097,-16305,1063,-117,-974
1211,-1788,7247,454,1406,12311,481,1440,-962
1211,-1788,7247,-848,-1455,-3931,398,957,-401
1211,-1788,7247,1781,4517,22772,946,2232,-1293
1211,-1788,7247,-7241,-521,5277,806,1879,-34
1211,-1788,7247,-11156,5898,-7804,-88,823,-1308
647,-1655,7341,-7617,4867,-2514,437,1149,-1335
647,-1655,7341,2479,-431,-15009,245,1268,-1154
647,-1655,7341,-2229,-1057,-2192,466,873,-771
647,-1655,7341,466,-1010,-7016,241,1143,-350
647,-1655,7341,-2222,764,-1799,445,1320,-73
647,-1655,7341,53,899,-3948,353,1220,-174
647,-1655,7341,-1674,82,-5212,400,1138,-88
647,-1655,7341,-1666,258,-3215,262,1242,-41
647,-1655,7341,-684,274,-4280,354,1106,-100
82,-1540,7448,-1702,1364,-3948,328,1115,-191
82,-1540,7448,-42,580,-5868,351,1021,-106
82,-1540,7448,-713,933,-4349,279,1025,-118
82,-1540,7448,-662,260,-4939,364,1099,-3
82,-1540,7448,-378,564,-3181,482,1292,-131
82,-1540,7448,-778,486,-5285,376,985,-114
82,-1540,7448,-819,1187,-5202,322,1208,-149
82,-1540,7448,-166,422,-4656,326,942,-81
82,-1540,7448,-668,141,-5805,350,949,-39
-452,-1359,7405,-765,67,-6089,307,874,116
-452,-1359,7405,-275,81,-5395,266,869,118
-452,-1359,7405,-134,304,-5571,268,785,-155
-452,-1359,7405,69,639,-5333,268,783,60
-452,-1359,7405,55,305,-5123,236,697,15
-452,-1359,7405,373,475,-5821,199,666,32
-452,-1359,7405,-1369,781,-5678,210,589,13
-452,-1359,7405,-454,604,-5870,186,565,24
-452,-1359,7405,-403,1037,-4988,211,486,6
-816,-1259,7331,-307,983,-5306,179,437,-21
-816,-1259,7331,-242,678,-5122,170,391,-45
-816,-1259,7331,-229,643,-4968,152,346,-51
-816,-1259,7331,-231,657,-4616,134,322,-74
-816,-1259,7331,-174,556,-4613,151,289,-101
-816,-1259,7331,-144,550,-4112,135,291,-93
-816,-1259,7331,-148,450,-4108,128,278,-86
-816,-1259,7331,-1174,-4624,-5033,437,500,-142
-816,-1259,7331,227,-2337,-5925,48,-58,-122
-961,-1201,7276,1575,1157,-3756,94,-67,-285
-961,-1201,7276,1209,2349,-2107,131,-102,-290
-961,-1201,7276,723,1213,278,145,54,-145
-961,-1201,7276,45,1079,-1942,-10,-114,-379
-961,-1201,7276,608,630,-2823,26,-68,-357
-961,-1201,7276,-34,642,-3074,86,17,-375
-961,-1201,7276,-189,309,-3746,17,-46,-411
-961,-1201,7276,-50,28,-3664,44,-20,-399
-961,-1201,7276,-305,3,-2846,35,-23,-414
-959,-1256,7308,-439,3,-3961,8,-26,-416
-959,-1256,7308,-310,-236,-3887,25,-43,-422
-959,-1256,7308,-618,-260,-3621,31,-14,-375
-959,-1256,7308,-629,9,-4359,31,-36,-300
-959,-1256,7308,-689,95,-4082,36,-7,-284
-959,-1256,7308,-767,-41,-4016,41,-14,-265
-959,-1256,7308,-649,-93,-4336,38,-33,-253
-959,-1256,7308,-565,-191,-4387,45,-55,-232
-959,-1256,7308,-398,-324,-4168,36,-57,-208
-1001,-1265,7289,-327,-216,-4400,50,-73,-192
-1001,-1265,7289,-300,-40,-4074,29,-73,-182
-1001,-1265,7289,-388,190,-3850,48,-66,-173
-1001,-1265,7289,-461,379,-4281,48,-78,-169
-1001,-1265,7289,-421,263,-4213,46,-96,-143
-1001,-1265,7289,-466,30,-4053,50,-97,-134
-1001,-1265,7289,-409,19,-3989,26,-95,-113
-1001,-1265,7289,-375,197,-4339,41,-95,-94
-1001,-1265,7289,-288,550,-3959,28,-95,-87
-998,-1311,7293,-230,456,-4052,37,-93,-95
-998,-1311,7293,-220,228,-4034,36,-103,-99
-998,-1311,7293,-277,155,-4063,45,-107,-96
-998,-1311,7293,-277,413,-4096,52,-113,-111
-998,-1311,7293,-388,370,-4033,40,-113,-111
-998,-1311,7293,-335,429,-4047,31,-110,-114
-998,-1311,7293,-324,356,-3941,52,-107,-95
-998,-1311,7293,-278,322,-4040,50,-106,-87
-998,-1311,7293,-207,331,-4089,54,-98,-93
-984,-1250,7321,-294,384,-4101,59,-101,-102
-984,-1250,7321,-314,518,-3932,47,-110,-102
-984,-1250,7321,-408,362,-3987,42,-109,-109
-984,-1250,7321,-282,340,-3947,60,-101,-109
-984,-1250,7321,-223,465,-3817,67,-106,-119
-984,-1250,7321,-207,531,-4009,44,-97,-126
-984,-1250,7321,-194,690,-3951,59,-96,-111
-984,-1250,7321,-245,607,-3832,51,-95,-144
-984,-1250,7321,-115,503,-3889,67,-93,-151
-1000,-1258,7253,-151,383,-3992,56,-85,-141
-1000,-1258,7253,-218,333,-4028,42,-78,-163
-1000,-1258,7253,-276,417,-4028,59,-84,-162
-1000,-1258,7253,-384,236,-4175,37,-83,-163
-1000,-1258,7253,-406,122,-4193,27,-103,-154
-1000,-1258,7253,-451,-117,-4281,36,-105,-134
-1000,-1258,7253,-453,-91,-4380,25,-109,-116
-1000,-1258,7253,-352,143,-3991,40,-113,-111
-1000,-1258,7253,-452,16,-4394,59,-135,-92
-1004,-1288,7276,-463,-295,-5110,50,-165,-75
-1004,-1288,7276,-173,-431,-5337,34,-204,-6
-1004,-1288,7276,-64,-718,-4692,27,-237,13
-1004,-1288,7276,103,-537,-4928,17,-263,64
-1004,-1288,7276,142,-308,-5140,46,-317,74
-1004,-1288,7276,-30,-220,-5160,22,-353,99
-1004,-1288,7276,-222,-248,-4824,33,-390,122
-1004,-1288,7276,-341,-275,-4467,36,-406,173
-1004,-1288,7276,-494,-388,-4068,18,-412,202
-957,-1279,7306,-495,-443,-3783,23,-410,227
-957,-1279,7306,-651,-485,-3529,25,-392,253
-957,-1279,7306,-620,-416,-3483,29,-373,291
-957,-1279,7306,-669,-285,-3159,47,-340,319
-957,-1279,7306,-561,-271,-2968,78,-292,351
-957,-1279,7306,-554,-136,-2832,84,-5,367
-957,-1279,7306,-421,-181,-2794,96,-212,392
-957,-1279,7306,-356,-54,-2816,107,-163,424
-957,-1279,7306,-496,156,-2764,113,-117,432
-860,-1207,7282,-400,272,-2691,146,-67,421
-860,-1207,7282,-484,472,-2904,136,-31,413
-860,-1207,7282,-538,428,-2945,137,21,438
-860,-1207,7282,-398,394,-3011,126,70,432
-860,-1207,7282,-436,270,-3038,153,111,434
-860,-1207,7282,-387,161,-3379,164,140,443
-860,-1207,7282,-302,108,-3534,174,172,449
-860,-1207,7282,-479,739,-12198,-213,-107,90
-860,-1207,7282,1157,1087,-12336,-76,-499,246
-888,-1131,7282,1699,1555,-3598,66,-175,279
-888,-1131,7282,-676,945,-2051,104,-206,366
-888,-1131,7282,-411,1317,3203,79,-121,290
-888,-1131,7282,342,2276,-3687,49,-121,13
-888,-1131,7282,-656,1102,-6368,67,-98,209
-888,-1131,7282,-215,1853,-6564,96,-183,101
-888,-1131,7282,-2,1226,-3500,67,-176,89
-888,-1131,7282,-2,1020,-2160,53,-149,50
-888,-1131,7282,-403,1249,-3979,76,-113,33
-866,-1043,7302,-567,999,-4157,51,-111,2
-866,-1043,7302,-339,1193,-4152,58,-92,-36
-866,-1043,7302,-430,1064,-4074,47,-105,-73
-866,-1043,7302,-327,1075,-4152,41,-108,-114
-866,-1043,7302,-294,768,-3684,54,-122,-152
-866,-1043,7302,-362,-58,-4396,66,-114,-147
-866,-1043,7302,-195,521,-4153,55,-108,-138
-866,-1043,7302,-262,606,-3590,46,-104,-148
-866,-1043,7302,-219,709,-3926,62,-109,-154
-853,-1093,7283,-268,854,-3960,25,-97,-175
-853,-1093,7283,-308,588,-4035,57,-93,-183
-853,-1093,7283,-105,609,-3463,28,-82,-205
-853,-1093,7283,21,755,-3904,51,-76,-234
-853,-1093,7283,-184,860,-3918,36,-82,-241
-853,-1093,7283,14,1136,-4021,50,-63,-284
-853,-1093,7283,299,1609,-3509,255,-52,-333
-853,-1093,7283,-174,771,-4674,33,-53,-365
-853,-1093,7283,201,943,-3735,7,-53,-374
-897,-1118,7263,148,960,-3064,19,-19,-386
-897,-1118,7263,282,1420,-3695,46,-6,-428
-897,-1118,7263,353,1069,-3558,44,6,-430
-897,-1118,7263,194,812,-3852,19,-38,-389
-897,-1118,7263,-224,738,-3290,-16,-48,-421
-897,-1118,7263,-120,212,-3513,22,-63,-406
-897,-1118,7263,-277,-41,-3763,36,-70,-414
-897,-1118,7263,-163,-45,-4371,24,-71,-412
-897,-1118,7263,-71,-301,-3387,10,-128,-355
-923,-1151,7306,-129,-1063,-3534,18,-108,-265
-923,-1151,7306,-44,-840,-4095,61,-141,-227
-923,-1151,7306,-91,-449,-3661,41,-94,-194
-923,-1151,7306,-55,-415,-4105,53,-113,-187
-923,-1151,7306,-230,-472,-4796,43,-103,-147
-923,-1151,7306,161,-221,-4583,56,-85,-141
-923,-1151,7306,-149,-18,-3833,69,-57,-153
-923,-1151,7306,15,-343,-3650,104,-68,-103
-923,-1151,7306,173,903,-3369,-18,-139,-68
-923,-1151,7306,-836,974,-5920,79,-120,-66
-961,-1157,7289,408,914,-3046,50,-83,-112
-961,-1157,7289,436,173,-4427,59,-123,-98
-961,-1157,7289,-476,-171,-3390,77,-122,-132
-961,-1157,7289,-118,148,-3370,45,-79,-128
-961,-1157,7289,-256,-112,-4339,44,-80,-102
-961,-1157,7289,-527,-13,-3691,70,-55,-68
-961,-1157,7289,-463,297,-4078,29,-76,-53
-961,-1157,7289,-560,276,-3593,52,-71,-62
-961,-1157,7289,-763,317,-3709,-160,-55,-44
-960,-1172,7255,-263,615,-4213,57,-67,-44
-960,-1172,7255,-350,533,-3608,47,-45,-64
-960,-1172,7255,-299,771,-3977,74,-57,-95
-960,-1172,7255,-132,564,-3876,42,-63,-122
-960,-1172,7255,-180,998,-3644,44,-57,-148
-960,-1172,7255,-185,921,-4332,55,-87,-126
-960,-1172,7255,-322,768,-3686,58,-85,-145
-960,-1172,7255,-283,447,-3851,50,-48,-170
-960,-1172,7255,-420,564,-3897,60,-60,-179
-958,-1134,7293,-42,495,-4210,42,-69,-174
-958,-1134,7293,-351,631,-3862,52,-66,-186
-958,-1134,7293,-491,539,-4157,47,-61,-190
-958,-1134,7293,-305,597,-3929,49,-58,-207
-958,-1134,7293,-390,568,-3745,44,-58,-195
-958,-1134,7293,-403,739,-3924,36,-50,-202
-958,-1134,7293,-417,436,-3858,51,-57,-222
-958,-1134,7293,-436,482,-4351,74,-78,-229
-958,-1134,7293,-473,217,-4161,25,-66,-212
-979,-1129,7289,-210,562,-3894,40,-59,-226
-979,-1129,7289,-799,479,-4145,23,-63,-203
-979,-1129,7289,-597,327,-4150,12,-87,-207
-979,-1129,7289,-920,76,-3867,44,-86,-220
-979,-1129,7289,-663,526,-3727,33,-64,-218
-979,-1129,7289,-763,390,-4232,66,-62,-214
-979,-1129,7289,-751,345,-4092,61,-84,-194
-979,-1129,7289,-684,420,-4017,38,-77,-179
-979,-1129,7289,-685,363,-3965,46,-81,-170
-1015,-1136,7297,-671,369,-4084,38,-70,-164
-1015,-1136,7297,-629,117,-4351,32,-85,-147
-1015,-1136,7297,-624,302,-4106,43,-95,-132
-1015,-1136,7297,-454,464,-3940,53,-97,-132
