xmag,ymag,zmag,xaccel,yaccel,zaccel,xgyro,ygyro,zgyro
1958,-487,1713,-801,-494,4177,48,-109,-94
1956,-467,1697,-767,-445,4033,39,-117,-106
1956,-467,1697,-786,-414,4028,56,-101,-107
1956,-467,1697,-787,-453,3968,53,-107,-88
1956,-467,1697,-794,-373,3959,50,-119,-99
1956,-467,1697,-814,-384,4038,69,-113,-104
1956,-467,1697,-896,-394,4027,47,-119,-88
1969,-471,1673,-786,-398,4030,43,-103,-110
1969,-471,1673,-808,-436,4273,27,-93,-110
1969,-471,1673,-757,-431,4035,41,-112,-86
1969,-471,1673,-892,-420,4024,54,-110,-104
1969,-471,1673,-818,-450,4088,45,-105,-99
1969,-471,1673,-783,-443,4043,49,-109,-91
2008,-481,1717,-882,-448,3995,33,-119,-93
2008,-481,1717,-827,-422,4015,29,-110,-101
2008,-481,1717,-791,-435,4135,42,-100,-97
2008,-481,1717,-779,-385,4067,55,-120,-96
2008,-481,1717,-765,-433,4010,25,-113,-104
2008,-481,1717,-734,-432,3945,54,-119,-107
2002,-510,1741,-792,-404,3913,42,-109,-90
2002,-510,1741,-787,-287,3947,70,-109,-98
2002,-510,1741,-924,-532,4065,55,-97,-105
2002,-510,1741,-468,-410,4158,13,-117,-106
2002,-510,1741,-701,-505,3929,54,-121,-103
2002,-510,1741,-846,-442,4053,37,-125,-106
2002,-510,1741,-828,-410,3980,68,-111,-95
1998,-492,1737,-777,-500,4221,54,-119,-93
1998,-492,1737,-756,-416,3908,47,-119,-112
1998,-492,1737,-749,-415,3922,40,-109,-113
1998,-492,1737,-807,-409,4049,49,-111,-80
1998,-492,1737,-736,-462,3944,59,-115,-86
1998,-492,1737,-836,-354,4025,37,-115,-102
1972,-502,1763,-626,-414,3971,36,-103,-104
1972,-502,1763,-798,-434,4067,54,-121,-101
1972,-502,1763,-901,-445,3901,52,-111,-105
1972,-502,1763,-652,-427,4014,57,-115,-114
1972,-502,1763,-741,-422,4032,44,-125,-119
1972,-502,1763,-596,-496,3919,43,-101,-119
1972,-502,1763,-689,-417,4018,34,-114,-105
1965,-511,1731,-564,-388,4231,52,-131,-100
1965,-511,1731,-850,-318,4059,42,-121,-103
1965,-511,1731,-865,-390,4089,54,-108,-109
1965,-511,1731,-1089,-411,3926,68,-116,-106
1965,-511,1731,-787,-491,3980,51,-108,-106
1965,-511,1731,-745,-461,4052,69,-115,-90
1963,-493,1759,-913,-373,4066,48,-106,-89
1963,-493,1759,-610,-373,3954,57,-118,-97
1963,-493,1759,-636,-448,3988,51,-117,-116
1963,-493,1759,-963,-391,3961,46,-108,-100
1963,-493,1759,-466,-490,4307,55,-133,-99
1963,-493,1759,-951,-343,3933,34,-117,-98
1949,-490,1729,-730,-346,4020,39,-118,-101
1949,-490,1729,-964,-458,3899,60,-111,-115
1949,-490,1729,-804,-382,4013,48,-116,-83
1949,-490,1729,-714,-426,3984,48,-124,-100
1949,-490,1729,-886,-492,4056,35,-124,-104
1949,-490,1729,-857,-423,4049,38,-119,-109
2006,-506,1689,-753,-465,4137,46,-108,-119
2006,-506,1689,-743,-347,3949,64,-112,-86
2006,-506,1689,-772,-416,4213,70,-136,-86
2006,-506,1689,-807,-381,4056,53,-117,-89
2006,-506,1689,-633,-413,4027,42,-110,-104
2006,-506,1689,-842,-428,3980,47,-124,-114
2006,-506,1689,-860,-426,4079,55,-110,-92
1981,-500,1725,-802,-446,4067,41,-118,-92
1981,-500,1725,-1038,-378,3901,50,-107,-95
1981,-500,1725,-726,-406,4031,40,-123,-103
1981,-500,1725,-816,-388,3913,54,-124,-112
1981,-500,1725,-600,-345,3816,40,-122,-121
1981,-500,1725,-1052,-443,3925,54,-124,-120
1990,-499,1736,-1275,-499,3990,52,-110,-70
1990,-499,1736,-975,-429,3941,46,-108,-74
1990,-499,1736,-695,-449,4163,54,-132,-79
1990,-499,1736,-649,-441,4155,31,-127,-97
1990,-499,1736,-966,-426,3871,51,-111,-105
1990,-499,1736,-811,-419,3891,57,-116,-106
1960,-491,1728,-803,-473,4011,38,-115,-112
1960,-491,1728,-879,-414,3856,36,-120,-113
1960,-491,1728,-304,-461,3966,39,-125,-113
1960,-491,1728,-2056,-314,3751,26,-148,-111
1960,-491,1728,-548,-536,4402,59,-92,-123
1960,-491,1728,-911,-515,3825,57,-95,-91
1982,-497,1697,-855,-397,3779,68,-113,-84
1982,-497,1697,-569,-408,3800,59,-106,-89
1982,-497,1697,-532,-482,3974,60,-103,-114
1982,-497,1697,-640,-438,3866,51,-116,-98
1982,-497,1697,-698,-444,4041,66,-110,-101
1982,-497,1697,-776,-430,3836,41,-114,-99
1982,-495,1692,-824,-447,3969,54,-102,-103
1982,-495,1692,-1053,-395,3873,36,-112,-92
1982,-495,1692,-677,-557,3981,59,-117,-95
1982,-495,1692,-1165,-637,4711,33,-149,-87
1982,-495,1692,-962,-602,4291,79,-97,-97
1982,-495,1692,-1234,-630,4259,42,-120,-97
1982,-495,1692,-809,-596,4210,46,-129,-100
1967,-484,1722,-823,-555,4019,58,-115,-125
1967,-484,1722,-874,-460,4003,50,-127,-106
1967,-484,1722,-656,-448,4070,32,-141,-80
1967,-484,1722,-674,-356,3831,40,-118,-93
1967,-484,1722,-785,-375,3936,47,-109,-94
1967,-484,1722,-908,-390,3980,35,-115,-104
1972,-462,1728,-924,-446,3748,44,-115,-105
1972,-462,1728,-734,-452,3870,33,-114,-88
1972,-462,1728,-917,-419,3965,47,-124,-88
1972,-462,1728,-722,-383,4007,37,-126,-97
1972,-462,1728,-831,-437,4028,53,-121,-103
1972,-462,1728,-740,-420,4019,39,-121,-112
1975,-494,1747,-738,-420,3856,67,-114,-85
1975,-494,1747,-842,-448,4085,57,-119,-95
1975,-494,1747,-755,-481,4016,53,-120,-98
1975,-494,1747,-833,-403,4005,69,-118,-99
1975,-494,1747,-816,-406,4069,42,-116,-106
1975,-494,1747,-887,-403,3913,43,-113,-96
1941,-493,1748,-828,-378,4022,53,-109,-84
1941,-493,1748,-856,-374,3928,36,-120,-91
1941,-493,1748,-729,-437,4015,58,-124,-104
1941,-493,1748,-690,-434,4099,55,-120,-99
1941,-493,1748,-1015,-383,3937,50,-115,-92
1941,-493,1748,-653,-441,4067,54,-113,-94
1941,-493,1748,-777,-425,3900,43,-114,-103
1989,-503,1726,-845,-443,3960,59,-110,-114
1989,-503,1726,-855,-437,3896,59,-109,-121
1989,-503,1726,-863,-391,4003,47,-118,-127
1989,-503,1726,-753,-389,4005,48,-123,-116
1989,-503,1726,-806,-416,4031,26,-117,-86
1989,-503,1726,-887,-378,3980,46,-117,-89
2017,-500,1739,-772,-462,3999,41,-119,-112
2017,-500,1739,-787,-431,4011,64,-115,-107
2017,-500,1739,-777,-419,4037,64,-120,-126
2017,-500,1739,-884,-420,4055,50,-116,-127
2017,-500,1739,-853,-379,3956,46,-117,-123
2017,-500,1739,-872,-416,4018,42,-120,-116
1981,-484,1737,-788,-464,4074,50,-106,-86
1981,-484,1737,-777,-447,4003,41,-122,-77
1981,-484,1737,-823,-453,4018,39,-119,-83
1981,-484,1737,-793,-443,3919,26,-115,-102
1981,-484,1737,-837,-444,4131,65,-122,-109
1981,-484,1737,-519,-134,3851,34,-127,-110
1988,-506,1748,-723,-277,3905,62,-103,-122
1988,-506,1748,-831,-483,3999,45,-101,-121
1988,-506,1748,-823,-463,4100,29,-114,-80
1988,-506,1748,-723,-389,3876,42,-111,-85
1988,-506,1748,-749,-433,4315,44,-99,-95
1988,-506,1748,-810,-382,4055,40,-121,-96
1988,-506,1748,-778,-440,3974,20,-122,-118
1959,-505,1735,-811,-428,4113,58,-116,-115
1959,-505,1735,-808,-452,3980,56,-118,-114
1959,-505,1735,-881,-427,3974,47,-125,-90
1959,-505,1735,-690,-424,3964,39,-116,-96
1959,-505,1735,-935,-455,3941,45,-120,-115
1959,-505,1735,-909,-415,3968,29,-110,-111
1964,-495,1763,-858,-448,4054,47,-109,-103
1964,-495,1763,-789,-471,4272,40,-104,-91
1964,-495,1763,-865,-417,4025,36,-112,-97
1964,-495,1763,-967,-355,3965,72,-112,-119
1964,-495,1763,-727,-405,4063,54,-117,-121
1964,-495,1763,-783,-419,3973,52,-105,-88
1947,-467,1709,-802,-422,3978,39,-117,-96
1947,-467,1709,-827,-407,3953,41,-117,-100
1947,-467,1709,-782,-420,3983,32,-110,-86
1947,-467,1709,-755,-409,4067,44,-117,-91
1947,-467,1709,-544,-385,4061,38,-115,-94
1947,-467,1709,-840,-390,3914,46,-113,-102
1972,-510,1725,-757,-415,3973,50,-120,-92
1972,-510,1725,-786,-446,3987,61,-120,-95
1972,-510,1725,-883,-411,4039,36,-125,-99
1972,-510,1725,-804,-444,4072,56,-115,-112
1972,-510,1725,-884,-416,4004,30,-116,-117
1972,-510,1725,-796,-412,3970,42,-107,-79
1972,-510,1725,-775,-413,4088,40,-114,-93
1944,-449,1741,-714,-459,3910,45,-119,-99
1944,-449,1741,-1019,-373,3895,56,-127,-112
1944,-449,1741,-759,-403,3989,28,-114,-100
1944,-449,1741,-806,-452,4025,40,-110,-75
1944,-449,1741,-921,-404,3839,57,-119,-85
1944,-449,1741,-937,-436,4101,32,-114,-95
1972,-460,1733,-798,-374,4006,55,-114,-110
1972,-460,1733,-703,-429,4136,51,-119,-92
1972,-460,1733,-823,-415,3977,35,-115,-93
1972,-460,1733,-1360,-578,3820,73,-134,-115
1972,-460,1733,-726,-448,3930,41,-106,-128
1972,-460,1733,-820,-322,3921,51,-117,-135
1984,-488,1719,-813,-417,3995,60,-112,-126
1984,-488,1719,-875,-337,4285,24,-107,-67
1984,-488,1719,-923,-369,4040,39,-108,-65
1984,-488,1719,-701,-469,3883,29,-102,-97
1984,-488,1719,-598,-466,3812,58,-83,-110
1984,-488,1719,-785,-345,3795,63,-86,-116
1984,-488,1719,-824,-416,3826,50,-99,-93
1958,-489,1739,-777,-409,4011,48,-101,-86
1958,-489,1739,-913,-417,4007,39,-107,-95
1958,-489,1739,-647,-481,4125,60,-110,-99
1958,-489,1739,-665,-455,4170,53,-97,-98
1958,-489,1739,-708,-394,4065,30,-110,-93
1958,-489,1739,-778,-399,3967,42,-123,-103
1958,-485,1721,-778,-430,4059,40,-117,-123
1958,-485,1721,-815,-467,3996,40,-106,-111
1958,-485,1721,-524,-386,3986,39,-124,-99
1958,-485,1721,-702,-510,4140,32,-127,-119
1958,-485,1721,-496,-726,3844,35,-128,-124
1958,-485,1721,-650,-421,4309,55,-118,-116
1976,-509,1724,-739,-421,4143,57,-116,-120
1976,-509,1724,-978,-466,3961,47,-112,-76
1976,-509,1724,-798,-484,4073,50,-113,-79
1976,-509,1724,-1146,-350,3971,45,-120,-74
1976,-509,1724,-859,-579,4254,45,-119,-86
1976,-509,1724,-1032,-408,4024,43,-127,-106
1951,-488,1739,-443,-403,4142,51,-122,-88
1951,-488,1739,-980,-378,4135,51,-101,-77
1951,-488,1739,-646,-466,4072,47,-119,-96
1951,-488,1739,-828,-467,4055,49,-121,-103
1951,-488,1739,-775,-503,4169,56,-118,-105
1951,-488,1739,-970,-414,3991,41,-119,-112
1951,-488,1739,-424,-444,3857,31,-99,-83
1975,-516,1793,-728,-444,3990,33,-111,-91
1975,-516,1793,-944,-440,3975,45,-112,-92
1975,-516,1793,-553,-419,4110,40,-114,-100
1975,-516,1793,-810,-502,4203,52,-119,-106
1975,-516,1793,-930,-426,3974,47,-121,-72
1975,-516,1793,-591,-425,4056,41,-109,-87
1975,-514,1774,-918,-414,4056,44,-111,-100
1975,-514,1774,-579,-489,4039,36,-122,-108
1975,-514,1774,-566,-534,4137,49,-120,-88
1975,-514,1774,-911,-353,4207,50,-105,-86
1975,-514,1774,-871,-427,4216,41,-107,-94
1975,-514,1774,-913,-465,3890,51,-114,-103
1987,-501,1704,-848,-428,4137,57,-111,-117
1987,-501,1704,-767,-407,3974,45,-110,-84
1987,-501,1704,-897,-431,3951,54,-116,-90
1987,-501,1704,-774,-452,3994,44,-113,-110
1987,-501,1704,-798,-410,3917,38,-111,-98
1987,-501,1704,-706,-502,3940,45,-119,-97
1957,-502,1771,-530,-403,3976,56,-118,-103
1957,-502,1771,-795,-407,4014,51,-119,-101
1957,-502,1771,-838,-364,4025,39,-115,-96
1957,-502,1771,-770,-432,4003,41,-109,-91
1957,-502,1771,-858,-458,4027,53,-119,-100
1957,-502,1771,-790,-446,4054,54,-118,-101
1957,-502,1771,-828,-388,4101,36,-127,-113
1975,-533,1764,-767,-431,3874,28,-117,-88
1975,-533,1764,-745,-421,4096,36,-122,-98
1975,-533,1764,-877,-441,4019,53,-118,-112
1975,-533,1764,-832,-504,4026,29,-117,-90
1975,-533,1764,-921,-473,4000,47,-113,-89
1975,-533,1764,-840,-434,4167,69,-107,-83
1966,-507,1703,-756,-438,4047,30,-123,-98
1966,-507,1703,-1006,-374,3999,44,-98,-106
1966,-507,1703,-996,-400,4028,46,-100,-89
1966,-507,1703,-941,-593,4170,49,-134,-81
1966,-507,1703,-829,-555,4015,41,-117,-87
1966,-507,1703,-1062,-322,3973,57,-124,-96
1947,-488,1714,-1065,-301,3873,57,-126,-98
1947,-488,1714,-554,-432,4069,54,-105,-104
1947,-488,1714,-581,-445,4058,54,-109,-86
1947,-488,1714,-533,-459,3751,51,-116,-98
1947,-488,1714,-823,-419,3807,40,-119,-101
1947,-488,1714,-845,-391,3988,40,-118,-101
1972,-481,1713,-620,-422,3905,47,-119,-104
1972,-481,1713,-884,-444,3968,60,-125,-115
1972,-481,1713,-851,-385,3998,33,-110,-93
1972,-481,1713,-827,-417,4063,34,-108,-88
1972,-481,1713,-747,-453,4049,28,-125,-100
1972,-481,1713,-513,-551,4136,41,-122,-102
1972,-481,1713,-957,-381,4048,11,-129,-113
1950,-495,1770,-722,-408,4219,48,-127,-109
1950,-495,1770,-713,-353,4362,37,-121,-106
1950,-495,1770,-781,-371,4203,64,-154,-96
1950,-495,1770,-945,-295,4174,50,-149,-100
1950,-495,1770,-866,-410,4095,54,-144,-110
1950,-495,1770,-777,-507,4121,52,-126,-104
1984,-524,1728,-970,-458,4240,41,-109,-96
1984,-524,1728,-813,-313,4051,38,-122,-102
1984,-524,1728,-927,-415,4161,51,-122,-97
1984,-524,1728,-827,-386,4173,63,-122,-104
1984,-524,1728,-812,-506,4184,58,-114,-107
1984,-524,1728,-813,-477,3907,33,-112,-89
1991,-475,1715,-793,-399,3942,46,-115,-86
1991,-475,1715,-890,-383,4027,48,-115,-109
1991,-475,1715,-802,-432,3959,41,-119,-112
1991,-475,1715,-772,-424,4074,55,-118,-96
1991,-475,1715,-750,-436,4070,39,-113,-76
1991,-475,1715,-890,-478,4017,56,-119,-94
1997,-494,1735,-812,-488,3977,30,-119,-96
1997,-494,1735,-868,-402,3997,34,-116,-103
1997,-494,1735,-856,-410,4082,48,-111,-96
1997,-494,1735,-759,-469,4010,61,-112,-94
1997,-494,1735,-789,-403,3923,51,-115,-102
1997,-494,1735,-786,-414,3962,51,-118,-76
1997,-494,1735,-820,-396,4027,23,-109,-97
1979,-509,1754,-857,-364,4092,58,-116,-82
1979,-509,1754,-700,-426,4114,45,-115,-96
1979,-509,1754,-968,-428,3937,41,-114,-102
1979,-509,1754,-859,-451,4069,48,-114,-96
1979,-509,1754,-711,-433,3966,51,-118,-108
1979,-509,1754,-614,-441,3950,61,-117,-100
1970,-511,1724,-762,-428,4002,49,-120,-101
1970,-511,1724,-832,-414,4028,40,-109,-80
1970,-511,1724,-961,-409,4175,38,-114,-85
1970,-511,1724,-831,-425,3993,53,-123,-90
1970,-511,1724,-695,-363,3978,42,-115,-101
1970,-511,1724,-927,-343,3906,44,-109,-109
1935,-483,1758,-719,-479,4074,44,-106,-85
1935,-483,1758,-837,-419,4051,42,-101,-88
1935,-483,1758,-789,-453,3989,49,-115,-85
1935,-483,1758,-932,-407,3964,50,-106,-100
1935,-483,1758,-917,-391,4007,50,-116,-97
1935,-483,1758,-825,-473,4123,60,-116,-101
1960,-519,1713,-729,-437,4011,57,-118,-80
1960,-519,1713,-835,-429,3931,39,-109,-96
1960,-519,1713,-820,-420,4095,58,-120,-96
1960,-519,1713,-893,-369,4088,56,-118,-95
1960,-519,1713,-779,-422,4003,44,-118,-104
1960,-519,1713,-729,-427,4155,54,-113,-106
1960,-519,1713,-807,-443,4023,42,-116,-94
1948,-498,1770,-878,-432,3928,47,-112,-89
1948,-498,1770,-738,-406,4083,52,-126,-102
1948,-498,1770,-859,-460,4027,35,-125,-107
1948,-498,1770,-551,-380,3817,41,-122,-116
1948,-498,1770,-846,-424,3849,42,-115,-123
1948,-498,1770,-798,-360,3971,47,-126,-115
1968,-516,1776,-758,-374,3958,49,-119,-85
1968,-516,1776,-802,-418,4050,52,-114,-87
1968,-516,1776,-780,-408,4049,31,-113,-93
1968,-516,1776,-785,-463,3965,52,-117,-103
1968,-516,1776,-899,-443,4036,28,-118,-112
1968,-516,1776,-792,-438,3979,47,-115,-112
1941,-528,1759,-780,-456,4040,56,-119,-87
1941,-528,1759,-809,-405,4036,34,-115,-90
1941,-528,1759,-875,-429,4076,30,-114,-102
1941,-528,1759,-805,-418,3999,61,-128,-113
1941,-528,1759,-796,-404,3960,35,-115,-123
1941,-528,1759,-819,-397,4028,47,-108,-89
1941,-528,1759,-765,-401,4037,43,-118,-104
1978,-506,1745,-812,-420,3999,51,-121,-113
1978,-506,1745,-768,-448,3989,49,-118,-122
1978,-506,1745,-842,-408,3967,50,-122,-79
1978,-506,1745,-823,-427,4061,41,-119,-85
1978,-506,1745,-806,-428,4080,53,-118,-86
1978,-506,1745,-846,-420,4081,37,-112,-107
1956,-512,1709,-829,-445,3980,61,-108,-111
1956,-512,1709,-822,-434,4069,35,-122,-87
1956,-512,1709,-790,-402,3990,42,-118,-101
1956,-512,1709,-822,-404,4015,64,-120,-100
1956,-512,1709,-844,-414,4054,41,-120,-108
1956,-512,1709,-786,-454,3997,30,-114,-80
1950,-508,1768,-781,-439,4006,36,-114,-74
1950,-508,1768,-812,-446,4049,42,-113,-92
1950,-508,1768,-532,-409,3939,44,-121,-100
1950,-508,1768,-837,-421,3976,53,-116,-89
1950,-508,1768,-896,-408,3963,49,-108,-92
1950,-508,1768,-1133,-357,3954,45,-114,-96
1981,-518,1754,-919,-409,3768,55,-125,-112
1981,-518,1754,-673,-372,3973,39,-126,-109
1981,-518,1754,-954,-356,4052,50,-116,-118
1981,-518,1754,-847,-477,3974,43,-118,-120
1981,-518,1754,-758,-432,3960,44,-116,-90
1981,-518,1754,-818,-398,3999,34,-116,-108
1981,-518,1754,-625,737,3053,-37,-146,-138
1978,-521,1764,-944,-353,5004,25,-94,-127
1978,-521,1764,-937,-695,3331,63,-107,-114
1978,-521,1764,-923,-261,4644,66,-97,-141
1978,-521,1764,-717,-655,3827,39,-105,-77
1978,-521,1764,-528,-324,3576,56,-70,-92
1978,-521,1764,-904,-398,3852,51,-84,-95
1994,-490,1783,-928,-567,3652,55,-129,-96
1994,-490,1783,-763,-359,4208,41,-108,-117
1994,-490,1783,-584,-202,3917,43,-106,-109
1994,-490,1783,-683,-419,4327,47,-109,-99
1994,-490,1783,-973,-481,3929,45,-99,-108
1994,-490,1783,-812,-268,4048,58,-113,-113
1981,-491,1803,-806,-535,3920,40,-119,-118
1981,-491,1803,-565,-326,4080,43,-119,-115
1981,-491,1803,-770,-430,4072,33,-114,-118
1981,-491,1803,-813,-409,3995,48,-119,-86
1981,-491,1803,-842,-434,4060,44,-125,-100
1981,-491,1803,-826,-422,4021,69,-121,-97
1972,-507,1783,-858,-462,4080,31,-117,-115
1972,-507,1783,-837,-421,4057,50,-111,-107
1972,-507,1783,-871,-409,3931,48,-108,-111
1972,-507,1783,-991,-421,3912,42,-115,-71
1972,-507,1783,-991,-407,3967,51,-111,-79
1972,-507,1783,-877,-423,4055,22,-120,-93
1972,-507,1783,-789,-449,4110,59,-111,-96
1947,-513,1783,-722,-434,4047,58,-119,-106
1947,-513,1783,-781,-449,4135,60,-117,-120
1947,-513,1783,-689,-411,4018,42,-117,-93
1947,-513,1783,-711,-410,3974,53,-112,-101
1947,-513,1783,-857,-448,4018,55,-124,-103
1947,-513,1783,-983,-365,3826,54,-123,-111
1999,-520,1783,-863,-449,3967,43,-113,-71
1999,-520,1783,-671,-453,3767,45,-107,-75
1999,-520,1783,-710,-404,4205,59,-121,-97
1999,-520,1783,-1002,-417,4050,40,-115,-104
1999,-520,1783,-658,-426,4098,49,-119,-96
1999,-520,1783,-935,-427,3903,40,-109,-93
1978,-505,1777,-820,-399,3994,57,-115,-103
1978,-505,1777,-696,-318,3693,57,-109,-107
1978,-505,1777,-653,-515,4172,51,-122,-107
1978,-505,1777,-782,-432,4104,43,-113,-103
1978,-505,1777,-901,-425,3883,66,-127,-95
1978,-505,1777,-793,-435,3882,36,-119,-108
1943,-513,1766,-698,-436,4023,44,-107,-74
1943,-513,1766,-730,-431,4046,58,-124,-96
1943,-513,1766,-705,-449,4072,41,-108,-111
1943,-513,1766,-819,-391,3959,15,-135,-92
1943,-513,1766,-974,-354,3925,43,-102,-97
1943,-513,1766,-545,-429,4163,46,-104,-104
1943,-513,1766,-929,-379,3835,43,-118,-102
1984,-564,1774,-926,-396,4280,59,-114,-115
1984,-564,1774,-704,-532,4154,49,-119,-87
1984,-564,1774,-876,-402,3976,46,-124,-95
1984,-564,1774,-571,-387,4001,44,-122,-95
1984,-564,1774,-925,-407,4040,50,-110,-101
1984,-564,1774,-780,-460,4065,38,-99,-83
2003,-532,1756,-766,-414,3964,40,-110,-85
2003,-532,1756,-832,-440,4004,52,-122,-99
2003,-532,1756,-585,-479,4121,40,-112,-109
2003,-532,1756,-872,-446,4061,40,-120,-103
2003,-532,1756,-835,-407,4290,41,-118,-89
2003,-532,1756,-853,-377,4085,43,-121,-84
1949,-537,1784,-834,-525,4103,76,-127,-110
1949,-537,1784,-782,-378,4003,38,-133,-111
1949,-537,1784,-955,-461,4149,49,-117,-93
1949,-537,1784,-874,-356,4006,40,-109,-82
1949,-537,1784,-736,-450,3818,37,-112,-91
1949,-537,1784,-650,-427,4154,65,-124,-103
1960,-518,1739,-1021,-419,3932,51,-118,-107
1960,-518,1739,-847,-409,4021,53,-116,-115
1960,-518,1739,-663,-425,3983,27,-122,-76
1960,-518,1739,-757,-399,3905,49,-104,-90
1960,-518,1739,-683,-427,4169,44,-106,-90
1960,-518,1739,-958,-456,4019,31,-123,-104
1960,-518,1739,-932,-374,4022,49,-113,-109
1962,-540,1729,-719,-461,4008,34,-117,-93
1962,-540,1729,-682,-434,3863,43,-119,-92
1962,-540,1729,-746,-452,3970,51,-118,-93
1962,-540,1729,-732,-398,3974,44,-117,-91
1962,-540,1729,-848,-494,4083,51,-104,-111
1962,-540,1729,-660,-471,3912,52,-116,-116
1947,-536,1716,-714,-418,4016,51,-116,-120
1947,-536,1716,-729,-409,4040,41,-119,-105
1947,-536,1716,-928,-360,4019,41,-119,-88
1947,-536,1716,-835,-403,4055,36,-119,-87
1947,-536,1716,-715,-419,3973,44,-116,-101
1947,-536,1716,-806,-428,4017,49,-124,-111
1972,-487,1751,-791,-415,3973,37,-122,-102
1972,-487,1751,-785,-403,3994,47,-127,-105
1972,-487,1751,-871,-422,3996,44,-133,-120
1972,-487,1751,-766,-420,3917,45,-118,-121
1972,-487,1751,-875,-457,4056,40,-128,-87
1972,-487,1751,-804,-460,3987,67,-115,-83
1972,-487,1751,-834,-428,4007,48,-126,-79
1978,-533,1753,-771,-391,3992,29,-116,-80
1978,-533,1753,-792,-416,4040,53,-110,-104
1978,-533,1753,-812,-400,4016,62,-115,-100
1978,-533,1753,-825,-429,3987,55,-119,-92
1978,-533,1753,-857,-447,3985,49,-113,-108
1978,-533,1753,-743,-471,3952,51,-113,-98
1976,-518,1786,-776,-408,4088,46,-122,-95
1976,-518,1786,-822,-440,4040,68,-117,-115
1976,-518,1786,-851,-428,4144,60,-114,-116
1976,-518,1786,-777,-427,3978,41,-118,-94
1976,-518,1786,-826,-460,4038,52,-114,-87
1976,-518,1786,-810,-407,3975,55,-118,-115
1991,-524,1757,-998,-383,4075,40,-114,-107
1991,-524,1757,-773,-393,3948,42,-117,-108
1991,-524,1757,-811,-413,4091,35,-107,-82
1991,-524,1757,-811,-393,3880,57,-110,-95
1991,-524,1757,-742,-414,4051,48,-115,-109
1991,-524,1757,-791,-387,3971,35,-109,-88
1984,-506,1765,-779,-409,4037,32,-113,-81
1984,-506,1765,-785,-421,4001,40,-109,-87
1984,-506,1765,-783,-433,3840,43,-116,-100
1984,-506,1765,-1009,-443,3972,55,-115,-107
1984,-506,1765,-815,-421,4033,36,-108,-93
1984,-506,1765,-805,-407,4010,46,-115,-107
1984,-506,1765,-803,-422,3951,48,-119,-112
1974,-509,1728,-791,-439,4036,54,-117,-90
1974,-509,1728,-865,-459,4075,41,-114,-90
1974,-509,1728,-828,-366,4142,55,-131,-115
1974,-509,1728,-683,-403,3973,39,-120,-106
1974,-509,1728,-719,-475,4283,44,-101,-86
1974,-509,1728,-807,-422,3987,51,-117,-95
1960,-517,1740,-775,-465,4004,35,-117,-103
1960,-517,1740,-822,-470,3960,52,-119,-105
1960,-517,1740,-611,-439,4025,51,-120,-95
1960,-517,1740,-495,-411,4030,47,-112,-90
1960,-517,1740,-698,-402,4008,44,-120,-106
1960,-517,1740,-584,-355,4119,52,-119,-112
1953,-497,1730,-696,-398,4036,55,-113,-124
1953,-497,1730,-628,-466,4107,40,-113,-87
1953,-497,1730,-916,-462,4028,54,-116,-87
1953,-497,1730,-856,-442,3880,47,-108,-106
1953,-497,1730,-878,-398,3985,42,-108,-101
1953,-497,1730,-799,-431,3972,41,-113,-99
1945,-509,1772,-875,-472,3980,34,-122,-94
1945,-509,1772,-821,-437,3907,52,-109,-104
1945,-509,1772,-819,-449,4163,34,-113,-105
1945,-509,1772,-835,-337,3996,51,-127,-116
1945,-509,1772,-690,-408,4275,60,-105,-106
1945,-509,1772,-778,-442,4081,43,-110,-86
1945,-509,1772,-780,-440,3946,27,-109,-75
1956,-506,1748,-820,-404,3926,35,-111,-90
1956,-506,1748,-739,-435,4108,38,-109,-94
1956,-506,1748,-642,-429,3964,50,-114,-101
1956,-506,1748,-786,-410,4103,35,-122,-110
1956,-506,1748,-822,-470,4076,43,-115,-116
1956,-506,1748,-800,-434,3966,53,-109,-109
1964,-499,1765,-711,-421,3998,46,-114,-106
1964,-499,1765,-650,-450,4142,41,-113,-93
1964,-499,1765,-769,-323,3822,40,-120,-98
1964,-499,1765,-844,-368,4074,64,-105,-100
1964,-499,1765,-787,-464,4134,50,-122,-99
1964,-499,1765,-886,-398,4058,61,-119,-113
1967,-504,1762,-761,-443,3914,56,-111,-112
1967,-504,1762,-872,-388,4028,42,-115,-99
1967,-504,1762,-730,-410,3919,45,-114,-91
1967,-504,1762,-808,-426,4008,40,-127,-95
1967,-504,1762,-788,-462,4201,52,-97,-105
1967,-504,1762,-746,-456,4144,33,-109,-104
1974,-500,1759,-806,-454,3886,52,-114,-111
1974,-500,1759,-594,-383,3781,59,-112,-116
1974,-500,1759,-816,-324,4057,40,-136,-116
1974,-500,1759,-904,-328,4146,58,-128,-92
1974,-500,1759,-646,-442,4015,33,-120,-95
1974,-500,1759,-639,-449,4180,49,-120,-114
1974,-500,1759,-750,-396,3978,60,-117,-97
2009,-503,1775,-812,-414,4086,19,-115,-100
2009,-503,1775,-695,-392,4030,34,-123,-113
2009,-503,1775,-784,-474,4176,53,-112,-74
2009,-503,1775,-854,-354,3906,24,-113,-81
2009,-503,1775,-781,-424,3913,50,-109,-95
2009,-503,1775,-776,-480,4018,56,-113,-103
1974,-539,1759,-672,-412,4082,27,-118,-105
1974,-539,1759,-781,-393,3920,54,-121,-111
1974,-539,1759,-787,-451,4044,46,-125,-114
1974,-539,1759,-864,-434,4019,42,-121,-74
1974,-539,1759,-625,-497,3960,54,-116,-81
1974,-539,1759,-441,-441,3828,33,-114,-96
1995,-504,1764,-366,-411,4244,60,-121,-98
1995,-504,1764,-797,-391,3962,60,-112,-111
1995,-504,1764,-930,-446,4112,51,-118,-80
1995,-504,1764,-986,-398,4028,49,-109,-81
1995,-504,1764,-954,-455,4024,57,-108,-97
1995,-504,1764,-739,-395,4123,48,-112,-103
1958,-519,1733,-753,-441,4046,43,-115,-80
1958,-519,1733,-804,-428,4038,43,-125,-99
1958,-519,1733,-704,-398,4000,21,-114,-97
1958,-519,1733,-835,-442,4078,33,-119,-95
1958,-519,1733,-828,-386,3967,45,-115,-92
1958,-519,1733,-813,-441,3942,45,-112,-96
1958,-519,1733,-556,-502,4104,48,-112,-108
1961,-515,1724,-943,-429,4085,62,-122,-110
1961,-515,1724,-854,-499,4095,47,-123,-116
1961,-515,1724,-709,-455,3821,56,-109,-116
1961,-515,1724,-790,-450,4077,49,-118,-111
1961,-515,1724,-757,-373,4031,36,-118,-81
1961,-515,1724,-833,-443,4096,47,-119,-84
1952,-516,1710,-901,-425,4084,39,-108,-106
1952,-516,1710,-864,-442,4244,69,-109,-115
1952,-516,1710,-792,-494,4204,69,-107,-121
1952,-516,1710,-809,-503,4234,41,-101,-114
1952,-516,1710,-767,-497,4211,48,-103,-111
1952,-516,1710,-852,-454,4148,57,-98,-94
1981,-549,1702,-721,-447,4060,53,-102,-87
1981,-549,1702,-735,-497,3984,51,-108,-81
1981,-549,1702,-793,-445,3980,47,-117,-87
1981,-549,1702,-772,-448,4049,40,-123,-92
1981,-549,1702,-762,-437,3973,59,-120,-101
1981,-549,1702,-788,-362,3996,44,-116,-113
1981,-549,1702,-761,-401,4009,45,-125,-119
1954,-506,1755,-871,-387,4074,48,-111,-88
1954,-506,1755,-801,-421,3937,38,-116,-85
1954,-506,1755,-774,-408,4033,46,-118,-92
1954,-506,1755,-781,-413,3987,52,-113,-95
1954,-506,1755,-561,-387,4219,61,-109,-95
1954,-506,1755,-793,-337,3936,35,-121,-108
1992,-500,1800,-727,-515,4017,55,-119,-88
1992,-500,1800,-826,-462,4074,56,-119,-92
1992,-500,1800,-840,-430,4009,39,-125,-96
1992,-500,1800,-820,-506,4056,52,-110,-84
1992,-500,1800,-822,-384,4007,55,-114,-119
1992,-500,1800,-786,-386,4078,34,-116,-103
1972,-513,1742,-848,-414,3896,59,-104,-104
1972,-513,1742,-617,-369,3710,29,-133,-115
1972,-513,1742,-944,-400,4309,69,-95,-112
1972,-513,1742,-231,-401,4171,36,-106,-88
1972,-513,1742,-654,-446,4311,50,-114,-96
1972,-513,1742,-359,-445,4021,44,-130,-106
1970,-522,1741,-643,-481,4124,44,-127,-110
1970,-522,1741,-960,-454,3888,49,-110,-87
1970,-522,1741,-968,-428,4243,26,-122,-97
1970,-522,1741,-799,-391,3948,43,-128,-106
1970,-522,1741,-751,-453,4045,32,-121,-99
1970,-522,1741,-811,-391,4117,54,-111,-98
1970,-522,1741,-644,-438,4070,51,-113,-93
1950,-520,1701,-787,-397,3988,26,-125,-98
1950,-520,1701,-752,-395,3958,44,-122,-112
1950,-520,1701,-831,-437,4108,25,-106,-109
1950,-520,1701,-619,-481,4069,34,-117,-89
1950,-520,1701,-706,-414,3823,61,-120,-99
1950,-520,1701,-845,-413,4035,44,-114,-110
1972,-534,1702,-854,-434,3868,49,-116,-113
1972,-534,1702,-826,-464,4111,44,-113,-111
1972,-534,1702,-744,-432,4091,29,-115,-85
1972,-534,1702,-784,-426,3924,40,-104,-91
1972,-534,1702,-918,-392,4141,47,-120,-104
1972,-534,1702,-771,-432,4031,40,-126,-100
1946,-549,1740,-720,-405,3858,45,-115,-109
1946,-549,1740,-794,-394,4055,47,-119,-113
1946,-549,1740,-756,-404,4025,31,-109,-79
1946,-549,1740,-840,-448,4084,54,-106,-88
1946,-549,1740,-816,-428,3940,52,-113,-86
1946,-549,1740,-808,-440,4154,41,-111,-100
1966,-515,1704,-749,-371,3889,42,-121,-102
1966,-515,1704,-752,-384,4100,62,-122,-101
1966,-515,1704,-755,-348,3842,51,-114,-113
1966,-515,1704,-799,-414,3990,50,-118,-123
1966,-515,1704,-798,-414,3894,48,-116,-121
1966,-515,1704,-772,-428,3912,30,-111,-89
1966,-515,1704,-797,-361,4076,60,-113,-89
1955,-528,1709,-784,-386,3955,50,-123,-108
1955,-528,1709,-815,-392,4034,40,-120,-108
1955,-528,1709,-826,-438,4066,50,-115,-112
1955,-528,1709,-774,-462,4084,49,-119,-115
1955,-528,1709,-770,-466,3980,58,-115,-80
1955,-528,1709,-771,-395,4011,24,-114,-82
1966,-514,1724,-764,-382,3903,35,-116,-87
1966,-514,1724,-861,-401,4031,42,-115,-99
1966,-514,1724,-882,-354,3996,64,-119,-111
1966,-514,1724,-915,-432,4087,34,-119,-114
1966,-514,1724,-1051,-487,4040,52,-116,-114
1966,-514,1724,-1070,-474,4036,39,-111,-93
1956,-518,1703,-717,-471,4028,54,-119,-87
1956,-518,1703,-733,-439,3967,45,-109,-78
1956,-518,1703,-748,-438,4040,42,-119,-90
1956,-518,1703,-683,-428,3973,59,-122,-104
1956,-518,1703,-915,-477,4050,49,-116,-98
1956,-518,1703,-849,-443,4160,41,-130,-99
1933,-528,1741,-804,-376,3944,32,-110,-88
1933,-528,1741,-875,-395,4054,43,-107,-93
1933,-528,1741,-817,-409,3903,57,-116,-104
1933,-528,1741,-883,-467,4106,23,-112,-111
1933,-528,1741,-826,-430,3910,31,-126,-76
1933,-528,1741,-761,-669,4044,44,-127,-90
1933,-528,1741,-612,-602,3571,71,-114,-104
1953,-460,1707,-859,-493,4272,45,-120,-111
1953,-460,1707,-855,-323,4018,25,-124,-102
1953,-460,1707,-850,-418,4011,42,-127,-85
1953,-460,1707,-803,-319,4067,47,-104,-96
1953,-460,1707,-1022,-468,4026,62,-106,-116
1953,-460,1707,-813,-513,3958,57,-117,-123
1955,-465,1746,-892,-398,4021,36,-113,-89
1955,-465,1746,-766,-416,4051,26,-129,-85
1955,-465,1746,-834,-458,4032,62,-112,-96
1955,-465,1746,-790,-455,4009,37,-116,-99
1955,-465,1746,-804,-426,3924,46,-113,-98
1955,-465,1746,-862,-436,4041,40,-115,-99
1969,-487,1744,-777,-415,3890,56,-118,-101
1969,-487,1744,-839,-413,4094,36,-120,-113
1969,-487,1744,-839,-379,4228,39,-106,-94
1969,-487,1744,-943,-369,4142,36,-112,-95
1969,-487,1744,-816,-452,4004,59,-110,-108
1969,-487,1744,-723,-481,4110,33,-112,-96
1976,-513,1743,-854,-452,4015,48,-103,-103
1976,-513,1743,-744,-438,4050,62,-106,-101
1976,-513,1743,-1322,-3071,3897,40,-106,-74
1976,-513,1743,-1622,-168,5553,36,-181,-17
1976,-513,1743,-37,-191,3264,168,-132,-38
1976,-513,1743,-1429,71,5667,-41,-156,-169
1976,-513,1743,-1765,-749,4003,57,-139,-132
1969,-488,1754,-504,-810,4055,87,-47,-137
1969,-488,1754,-1111,-441,4351,236,-180,-58
1969,-488,1754,-551,183,4227,363,-204,-107
1969,-488,1754,-711,-1093,3758,510,-209,-104
1969,-488,1754,-1020,-852,4045,628,-263,-67
1969,-488,1754,-1012,-512,3943,698,-309,-54
1982,-610,1661,-950,-378,3822,1013,-301,-27
1982,-610,1661,-1287,-285,4123,767,-300,-22
1982,-610,1661,-978,127,3821,709,-298,-50
1982,-610,1661,-788,164,4112,648,-312,-34
1982,-610,1661,-751,213,3934,621,-263,-27
1982,-610,1661,-618,158,4035,510,-246,-17
1914,-844,1533,-579,159,4267,443,-238,-34
1914,-844,1533,-609,269,4133,398,-220,-43
1914,-844,1533,-558,336,4161,359,-195,-42
1914,-844,1533,-601,366,4096,285,-185,-74
1914,-844,1533,-643,535,4271,163,-155,-106
1914,-844,1533,-633,567,4117,57,-115,-110
1914,-917,1526,-541,587,4310,-95,-92,-119
1879,-917,1526,-610,610,4068,-242,-36,-145
1879,-917,1526,-550,628,4114,-420,1,-165
1879,-917,1526,-638,524,4206,-594,53,-207
1879,-917,1526,-597,449,4213,-762,78,-233
1879,-917,1526,-610,204,4160,-865,118,-257
1879,-917,1526,-530,148,4209,-953,161,-266
1893,-688,1619,-680,-48,4210,-1046,168,-287
1893,-688,1619,-675,-19,4236,-1104,217,-300
1893,-688,1619,3348,-62,5013,-1209,-71,-547
1893,-688,1619,3835,-695,12369,-220,-438,-35
1893,-688,1619,-3944,-1004,2852,17,186,-111
1893,-688,1619,-1870,-2514,2007,-99,-294,51
1984,-465,1728,793,-1831,3961,-191,100,103
1984,-465,1728,-2240,-824,3333,-373,-26,-133
1984,-465,1728,-1086,-1326,5756,-301,-61,-145
1984,-465,1728,-1438,-1058,3701,-858,-288,-183
1984,-465,1728,-1065,-1313,4801,-1035,-285,-160
1984,-465,1728,-801,-1121,2960,-1279,-329,-104
1902,-306,1774,-881,-2056,4393,-1437,-244,20
1902,-306,1774,-587,-1713,3819,-1648,-333,12
1902,-306,1774,-532,-1282,2917,-1783,-420,30
1902,-306,1774,23,-1511,2345,-1884,-471,38
1902,-306,1774,-195,-1537,2061,-1961,-624,29
1902,-306,1774,233,-966,967,-1970,-753,9
1902,-306,1774,144,-71,549,-1934,-972,-29
1793,216,2055,-796,-3984,3196,-1782,-1098,79
1793,216,2055,-1291,-2673,6883,-1431,-764,167
1793,216,2055,-1934,-168,9565,-949,-533,155
1793,216,2055,-900,-838,3266,-768,-436,-140
1793,216,2055,-544,-1050,3712,-514,-374,-223
1793,216,2055,-546,-3136,5283,-187,-298,-266
1687,476,2273,-294,-1994,2494,12,-203,-163
1687,476,2273,-297,-2351,3298,176,-129,64
1687,476,2273,-474,-2488,3591,260,-139,80
1687,476,2273,-192,-2214,3804,331,-104,44
1687,476,2273,-430,-2057,3830,389,-78,-5
1687,476,2273,-320,-2137,3726,442,-64,-12
1734,412,2146,-396,-2072,3556,549,-38,250
1734,412,2146,-384,-2042,3682,693,-17,35
1734,412,2146,-513,-1899,3984,893,30,62
1734,412,2146,-485,-1945,3863,1079,79,72
1734,412,2146,-636,-2106,3828,1258,135,94
1734,412,2146,-187,1683,5942,1341,225,106
1789,151,2025,-257,-983,4523,1396,12,78
1789,151,2025,-596,-1346,3527,1297,284,47
1789,151,2025,-259,-1533,3991,1168,198,29
1789,151,2025,-751,-1440,3444,1043,153,8
1789,151,2025,-547,-1383,3898,879,116,-8
1789,151,2025,-589,-1113,3661,777,79,-13
1789,151,2025,-868,-958,3469,629,40,-28
1917,-194,1890,-802,-1124,4069,573,27,-48
1917,-194,1890,-558,-1052,3831,545,13,-56
1917,-194,1890,-783,-935,4144,548,15,-73
1917,-194,1890,-759,-879,4200,638,42,-80
1917,-194,1890,-797,-685,4212,740,85,-77
1917,-194,1890,-591,-522,4075,908,125,-65
1968,-369,1834,-780,-406,3938,1093,158,-76
1968,-369,1834,-829,-575,3819,1250,180,-56
1968,-369,1834,-617,-357,3740,1387,205,-38
1968,-369,1834,-676,-452,3685,1486,203,-12
1968,-369,1834,3793,-3945,1242,886,-870,84
1968,-369,1834,-1387,-8809,19502,211,-230,-377
2059,-666,1749,-7155,-2984,2247,987,445,-180
2059,-666,1749,-2128,-3103,5745,244,-213,30
2059,-666,1749,-1972,1235,3333,381,87,-106
2059,-666,1749,301,-909,4466,380,-10,-140
2059,-666,1749,-432,-252,4285,415,-123,-186
2059,-666,1749,-940,-274,4632,479,-149,-144
2059,-697,1696,-739,-403,4580,581,-102,-82
2065,-697,1696,-822,-144,4677,702,-139,-15
2065,-697,1696,-659,-282,4667,819,-102,30
2065,-697,1696,-881,-312,4864,862,-84,48
2065,-697,1696,-933,-37,4856,939,-27,64
2065,-697,1696,-979,13,5022,933,24,72
2065,-697,1696,-1108,100,5124,906,95,81
2080,-982,1621,-1036,204,5060,859,181,53
2080,-982,1621,-878,337,4836,792,254,18
2080,-982,1621,-795,394,4577,732,300,-15
2080,-982,1621,-889,397,4678,678,353,-13
2080,-982,1621,-1165,619,4583,652,401,-33
2080,-982,1621,-1468,658,4538,598,477,-33
2224,-1229,1730,-1390,688,4579,535,512,-66
2224,-1229,1730,-1415,475,4671,428,590,-65
2224,-1229,1730,-1400,498,4786,317,700,-101
2224,-1229,1730,-1214,306,3995,78,746,-164
2224,-1229,1730,-1465,989,5072,-51,716,-168
2224,-1229,1730,-1445,633,4475,-155,823,-200
2461,-1324,1961,-1664,912,4091,-369,926,-223
2461,-1324,1961,-1605,727,4117,-549,943,-276
2461,-1324,1961,-1638,688,4027,-712,968,-318
2461,-1324,1961,-1566,626,4124,-787,976,-377
2461,-1324,1961,-1552,606,4096,-814,975,-410
2461,-1324,1961,-1843,725,3968,-818,976,-434
2461,-1324,1961,-1552,706,4098,-853,988,-447
2686,-1095,2361,-1950,665,3939,-829,975,-467
2686,-1095,2361,-2085,633,3626,-816,976,-477
2686,-1095,2361,-2059,471,3457,-774,985,-486
2686,-1095,2361,-2168,252,3113,-746,969,-473
2686,-1095,2361,-2084,68,2983,-695,969,-478
2686,-1095,2361,-2146,-142,2456,-598,970,-465
2856,-851,2784,-2202,48,2218,-575,893,-445
2856,-851,2784,-2336,54,1530,-531,793,-328
2856,-851,2784,-2210,-262,603,-500,661,-391
2856,-851,2784,-1827,-407,10,-406,444,-415
2856,-851,2784,-2098,-410,-474,-310,230,-402
2856,-851,2784,-1853,-701,-214,-241,-25,-370
2884,-666,3040,-945,-2117,158,-128,-191,-292
2884,-666,3040,-1711,-1177,-611,-127,-423,-357
2884,-666,3040,-1077,-831,-260,-115,-699,-181
2884,-666,3040,-1668,-767,-253,-37,-866,-199
2884,-666,3040,-1656,-1388,-49,-4,-1110,-75
2884,-666,3040,-1894,-1288,1588,-71,-1192,-25
2786,-607,2882,-219,-1551,1225,-80,-1496,-115
2786,-607,2882,-1494,-208,2202,-184,-1293,-182
2786,-607,2882,-1668,-886,2604,-201,-1265,-337
2786,-607,2882,-1318,-173,3643,-241,-1405,-284
2786,-607,2882,-1970,-734,3687,-212,-1364,-296
2786,-607,2882,-1402,-1004,3388,-129,-1281,-338
2786,-607,2882,-1538,-676,4504,-86,-1273,-299
2559,-487,2510,-1828,-1086,4312,-74,-1210,-259
2559,-487,2510,-1663,-1029,4815,-90,-1169,-239
2559,-487,2510,-1464,-898,4711,-122,-1109,-239
2559,-487,2510,-1484,-957,4712,-144,-1061,-253
2559,-487,2510,-1650,-968,4968,-113,-1000,-273
2559,-487,2510,-1470,-941,4873,-111,-927,-287
2330,-401,2292,-1478,-1008,4965,-84,-840,-291
2330,-401,2292,-1578,-792,4669,-83,-789,-258
2330,-401,2292,-1461,-805,4678,-44,-724,-262
2330,-401,2292,-1355,-951,4664,-7,-672,-271
2330,-401,2292,-1238,-1050,4551,4,-642,-262
2330,-401,2292,-1028,-1150,4141,35,-615,-273
2165,-293,2101,-811,-1091,3882,69,-593,-295
2165,-293,2101,-1068,-1020,4027,53,-649,-254
2165,-293,2101,-1021,-787,3973,83,-640,-187
2165,-293,2101,-971,-1005,3586,80,-681,-169
2165,-293,2101,-771,-846,3776,69,-769,-163
2165,-293,2101,-522,-836,3499,94,-792,-179
1942,-216,1946,-570,-958,3350,92,-845,-204
1942,-216,1946,-510,-938,3681,69,-898,-209
1942,-216,1946,-511,-1025,3833,90,-946,-202
1942,-216,1946,-393,-805,3872,113,-978,-213
1942,-216,1946,-341,-761,3917,146,-1003,-224
1942,-216,1946,-283,-805,4094,186,-997,-239
1942,-216,1946,-231,-971,4374,212,-969,-248
1683,-178,1733,-478,-1059,4689,204,-920,-261
1683,-178,1733,-238,-932,4814,189,-847,-2
1683,-178,1733,-330,-904,4670,211,-777,-241
1683,-178,1733,-310,-872,4633,205,-701,-238
1683,-178,1733,-31,-879,4548,222,-640,-249
1683,-178,1733,-199,-963,4659,206,-575,-253
1413,-175,1581,-180,-1074,4628,170,-512,-220
1413,-175,1581,-159,-1203,4669,125,-446,-202
1413,-175,1581,-243,-1158,4533,108,-402,-194
1413,-175,1581,-172,-1190,4538,103,-338,-176
1413,-175,1581,-225,-1229,4552,113,-274,-149
1413,-175,1581,-117,-1343,4623,82,-233,-124
1302,-166,1506,-117,-1461,4384,73,-172,-89
1302,-166,1506,-52,-1388,4492,69,-118,-54
1302,-166,1506,-27,-1445,4437,56,-82,-14
1302,-166,1506,-110,-1246,4815,83,-14,23
1302,-166,1506,-115,-1273,4700,96,51,51
1302,-166,1506,-174,-1391,5004,82,121,61
1325,-189,1517,-378,-1358,5059,77,210,129
1325,-189,1517,-345,-1333,5263,125,314,141
1325,-189,1517,-439,-1483,5504,179,478,204
1325,-189,1517,-407,-1105,5480,242,589,232
1325,-189,1517,-671,-1221,5628,283,695,276
1325,-189,1517,-315,-945,5285,303,817,320
1325,-189,1517,-141,-1085,5114,294,885,325
1631,-373,1624,-167,-757,4757,279,940,284
1631,-373,1624,-517,-645,4454,202,958,261
1631,-373,1624,-324,-502,4175,140,960,225
1631,-373,1624,-400,-408,3932,65,932,185
1631,-373,1624,-501,-403,3823,-4,891,207
1631,-373,1624,-406,-370,3725,-48,853,152
2028,-532,1859,-634,-340,3758,-55,806,106
2028,-532,1859,-897,-232,3768,10,767,71
2028,-532,1859,-985,-192,3657,102,753,67
2028,-532,1859,-977,-119,3546,186,734,61
2028,-532,1859,-1078,-158,3504,251,710,49
2028,-532,1859,-1078,-246,3535,271,705,69
2267,-621,2062,-1107,-149,3430,252,689,29
2267,-621,2062,-1127,-87,3247,252,640,-21
2267,-621,2062,-1210,-81,2971,243,579,-76
2267,-621,2062,-1180,-100,2694,227,500,-132
2267,-621,2062,-1110,-178,2579,200,407,-183
2267,-621,2062,-1150,-130,2061,199,298,-223
2267,-621,2062,-1241,-123,2200,207,162,-253
2425,-677,2219,-1096,-250,2070,194,34,-301
2425,-677,2219,-1348,-350,1978,189,-98,-343
2425,-677,2219,-1094,-496,2078,127,-236,-357
2425,-677,2219,-1223,-469,2097,91,-357,-366
2425,-677,2219,-1178,-428,2202,26,-482,-369
2425,-677,2219,-1130,-426,2347,-46,-605,-395
2418,-629,2216,-1231,-489,2428,-146,-704,-437
2418,-629,2216,-1247,-575,2644,-294,-786,-484
2418,-629,2216,-1055,-591,2643,-449,-839,-530
2418,-629,2216,-867,-699,3261,-554,-900,-581
2418,-629,2216,-817,-764,3572,-641,-925,-625
2418,-629,2216,-916,-796,3794,-669,-937,-668
2189,-409,2064,-647,-947,4032,-686,-923,-665
2189,-409,2064,-655,-1099,4219,-650,-907,-675
2189,-409,2064,-802,-1156,4319,-518,-880,-631
2189,-409,2064,-816,-1126,4359,-351,-863,-602
2189,-409,2064,-672,-1292,4535,-178,-807,-536
2189,-409,2064,-701,-1463,4453,216,-796,-481
1898,-147,1908,-982,-1547,4513,94,-757,-425
1898,-147,1908,-836,-1612,4619,198,-713,-362
1898,-147,1908,-581,-1597,4584,286,-674,-278
1898,-147,1908,-697,-1631,4716,341,-614,-226
1898,-147,1908,-506,-1563,4541,406,-572,-162
1898,-147,1908,-494,-1566,4579,497,-510,-118
1698,-137,1755,-693,-1553,4515,499,-476,-61
1698,-137,1755,-350,-1584,4649,438,-416,-39
1698,-137,1755,-579,-1469,4682,359,-369,-20
1698,-137,1755,-633,-1431,4714,282,-319,-6
1698,-137,1755,-707,-1401,4962,217,-243,22
1698,-137,1755,-677,-1381,4911,158,-162,48
1698,-137,1755,-808,-1388,5359,125,-59,72
1666,-197,1661,-811,-1352,5547,91,74,100
1666,-197,1661,-880,-1380,5907,78,217,144
1666,-197,1661,-904,-1318,6100,78,385,204
1666,-197,1661,-989,-1265,6065,96,570,241
1666,-197,1661,-894,-1132,5836,113,730,260
1666,-197,1661,-828,-1033,5743,144,886,274
1862,-332,1797,-783,-991,5415,179,1018,285
1862,-332,1797,-613,-1025,5189,209,1136,315
1862,-332,1797,-613,-929,4730,253,1210,317
1862,-332,1797,-751,-718,4145,273,1235,316
1862,-332,1797,-534,-576,3666,291,1222,291
1862,-332,1797,-588,-612,3222,252,1164,302
2260,-520,2133,-604,-494,2800,212,1091,283
2260,-520,2133,-690,-434,2353,188,979,258
2260,-520,2133,-849,-325,2044,144,833,220
2260,-520,2133,-912,-358,1924,79,675,173
2260,-520,2133,-1057,-365,1721,25,509,141
2260,-520,2133,-1209,-293,1593,-13,332,78
2260,-520,2133,-1069,-323,1561,-31,151,40
2519,-623,2389,-1149,-367,1509,-63,-38,36
2519,-623,2389,-1376,-316,1444,-45,-203,-7
2519,-623,2389,-1334,-272,1550,-71,-400,-49
2519,-623,2389,-1114,-296,1671,-85,-568,-80
2519,-623,2389,-1017,-266,1742,-96,-727,-111
2519,-623,2389,-1158,-316,1902,-107,-875,-141
2469,-610,2314,-1105,-369,2249,-129,-1006,-173
2469,-610,2314,-1080,-404,2602,-154,-1112,-187
2469,-610,2314,-1066,-436,3014,-121,-1188,-205
2469,-610,2314,-993,-535,3491,-112,-1243,-237
2469,-610,2314,-912,-582,3808,-118,-1265,-256
2469,-610,2314,-970,-522,4275,-85,-1248,-277
2191,-535,2022,-940,-585,4726,-62,-1206,-275
2191,-535,2022,-1062,-668,5089,-53,-1121,-280
2191,-535,2022,-1276,-808,5469,-48,-1020,-291
2191,-535,2022,-1099,-769,5580,-21,-897,-289
2191,-535,2022,-1121,-673,5545,2,-1021,-279
2191,-535,2022,-1063,-645,5437,126,-656,-268
1906,-456,1817,-792,-716,5487,218,-544,-269
1906,-456,1817,-832,-838,5497,273,-428,-220
1906,-456,1817,-812,-912,5351,290,-311,-186
1906,-456,1817,-1017,-959,5213,344,-213,-169
1906,-456,1817,-843,-1049,5183,399,-118,-134
1906,-456,1817,-821,-1027,5112,468,-10,-101
1906,-456,1817,-837,-981,5026,540,84,-67
1874,-491,1680,-828,-1086,4853,609,172,-23
1874,-491,1680,-883,-1103,4833,719,270,69
1874,-491,1680,-786,-1164,4768,808,345,136
1874,-491,1680,-786,-1152,4573,817,421,205
1874,-491,1680,-873,-1165,4275,860,465,262
1874,-491,1680,-863,-1049,4062,817,507,332
2054,-765,1739,-884,-1056,3869,800,522,373
2054,-765,1739,-860,-1122,3701,743,527,467
2054,-765,1739,-836,-1280,3332,724,519,533
2054,-765,1739,-808,-1382,3408,684,485,616
2054,-765,1739,-824,-1399,3262,570,449,702
2054,-765,1739,-880,-1326,3382,476,403,791
2295,-1141,1839,-937,-1233,3421,354,364,891
2295,-1141,1839,-1031,-981,3429,188,312,958
2295,-1141,1839,-1069,-562,3545,33,254,1011
2295,-1141,1839,-1056,-184,3622,-104,204,1038
2295,-1141,1839,-1166,168,3733,-205,163,1067
2295,-1141,1839,-1099,547,3875,-203,116,1063
2411,-1426,1968,-1076,771,3905,-228,95,1033
2411,-1426,1968,-1185,753,3963,-293,78,994
2411,-1426,1968,-1123,815,4018,-323,71,968
2411,-1426,1968,-1130,710,4076,-376,61,978
2411,-1426,1968,-1259,495,3862,-424,64,944
2411,-1426,1968,-1293,295,4086,-483,63,921
2411,-1426,1968,-1474,236,4045,-591,63,959
2467,-1633,2027,-1228,140,3975,-668,53,939
2467,-1633,2027,-1332,210,4003,-690,54,925
2467,-1633,2027,-1172,250,4176,-719,65,921
2467,-1633,2027,-1265,295,4202,-752,81,882
2467,-1633,2027,-1312,368,4080,-803,91,860
2467,-1633,2027,-1380,528,3912,-861,91,797
2523,-1767,2118,-1395,749,3847,-922,94,705
2523,-1767,2118,-1520,904,3720,-937,97,576
2523,-1767,2118,-1549,1001,3571,-957,92,459
2523,-1767,2118,-1507,1051,3525,-960,81,307
2523,-1767,2118,-1381,1175,3388,-918,68,171
2523,-1767,2118,-1394,1362,3545,-870,23,23
2553,-1629,2200,-1383,1559,3273,-517,-17,-140
2553,-1629,2200,-1346,1700,3207,-595,-62,-312
2553,-1629,2200,-1277,1776,3235,-397,-111,-481
2553,-1629,2200,-1189,1783,3332,-156,-153,-639
2553,-1629,2200,-1161,1605,3518,85,-181,-787
2553,-1629,2200,-1265,1317,3593,301,-212,-901
2494,-1399,2085,-1286,1132,3684,513,-232,-1011
2494,-1399,2085,-1260,974,3744,652,-238,-1062
2494,-1399,2085,-1184,906,3895,730,-245,-1155
2494,-1399,2085,-1268,908,3825,770,-267,-1238
2494,-1399,2085,-1348,768,4026,801,-277,-1334
2494,-1399,2085,-1203,677,4090,800,-281,-1412
2494,-1399,2085,-1270,404,3977,740,-275,-1465
2438,-1295,2045,-1195,157,4136,738,-275,-1521
2438,-1295,2045,-1178,-30,4324,718,-259,-1547
2438,-1295,2045,-912,-506,4480,706,-256,-1563
2438,-1295,2045,-945,-545,4429,700,-242,-1577
2438,-1295,2045,-1057,-787,4159,648,-213,-1563
2438,-1295,2045,-952,-902,4338,529,-185,-1549
2333,-1060,1988,-975,-958,4236,463,-167,-1548
2333,-1060,1988,-926,-1000,4220,378,-116,-1486
2333,-1060,1988,-806,-1038,4044,362,-91,-1449
2333,-1060,1988,-848,-1035,3987,310,-77,-1413
2333,-1060,1988,-828,-998,3760,277,-50,-1335
2333,-1060,1988,-840,-1124,3675,261,-45,-1270
2225,-795,1916,-990,-1354,3807,290,-42,-1183
2225,-795,1916,-1118,-1460,3708,303,-31,-1086
2225,-795,1916,-943,-1639,3985,313,-16,-950
2225,-795,1916,-1004,-1668,3900,314,5,-831
2225,-795,1916,-1168,-1672,4114,330,6,-723
2225,-795,1916,-1185,-1573,4260,360,34,-613
2179,-669,1970,-1185,-1549,4096,364,44,-258
2179,-669,1970,-1043,-1623,4283,323,56,-381
2179,-669,1970,-1025,-1693,3974,290,69,-279
2179,-669,1970,-1102,-1576,4137,209,75,-168
2179,-669,1970,-1106,-1903,3995,147,65,-52
2179,-669,1970,-1178,-1990,3833,71,57,66
2179,-669,1970,-1086,-2116,3784,-1,27,227
2236,-677,2070,-1104,-2180,3635,-77,-22,370
2236,-677,2070,-1106,-2167,3554,-141,-73,520
2236,-677,2070,-1013,-2009,3437,-193,-126,674
2236,-677,2070,-1103,-1687,3328,-263,-194,854
2236,-677,2070,-1153,-1495,3412,-315,-269,954
2236,-677,2070,-1150,-1319,3546,-423,-329,1023
2287,-833,2013,-1046,-1239,3599,-532,-378,1099
2287,-833,2013,-1054,-1146,3776,-603,-409,1173
2287,-833,2013,-977,-1083,4051,-657,-433,1241
2287,-833,2013,-882,-1078,4344,-677,-439,1315
2287,-833,2013,-809,-1089,4610,-669,-430,1373
2287,-833,2013,-805,-1145,4808,-646,-397,1432
2314,-990,1979,-795,-1151,4988,-581,-336,1770
2314,-990,1979,-833,-1053,4988,-514,-248,1601
2314,-990,1979,-809,-859,4610,-489,-157,1634
2314,-990,1979,-857,-453,4667,-504,-86,1656
2314,-990,1979,-688,-61,4371,-515,0,1663
2314,-990,1979,-736,177,4222,-551,51,1639
2435,-1296,2037,-766,418,4012,-520,82,1601
2435,-1296,2037,-815,773,3814,-449,98,1783
2435,-1296,2037,-781,1249,3635,-371,96,1434
2435,-1296,2037,-847,1445,3746,-275,98,1297
2435,-1296,2037,-883,1509,3884,-172,78,1121
2435,-1296,2037,-1057,1470,3935,-101,72,939
2435,-1296,2037,-1133,1451,3784,-65,72,740
2522,-1660,2076,-1167,1627,3711,-64,47,541
2522,-1660,2076,-1305,1925,3643,-64,53,343
2522,-1660,2076,-1501,2197,3616,-45,16,132
2522,-1660,2076,-1638,2202,3797,29,-3,-118
2522,-1660,2076,-1742,1952,3665,99,-44,-339
2522,-1660,2076,-1691,1630,3908,192,-73,-559
2547,-1647,2133,-1602,1436,3969,269,-84,-730
2547,-1647,2133,-1520,1270,4002,315,-107,-900
2547,-1647,2133,-1419,1135,4110,323,-114,-1065
2547,-1647,2133,-1341,1059,4003,370,-120,-1165
2547,-1647,2133,-1213,1001,3972,366,-119,-1310
2547,-1647,2133,-1149,851,3975,402,-126,-1449
2545,-1464,2084,-1045,532,3873,376,-120,-1584
2545,-1464,2084,-933,411,3922,378,-119,-1672
2545,-1464,2084,-802,350,3934,385,-112,-1749
2545,-1464,2084,-694,186,3993,414,-104,-1785
2545,-1464,2084,-637,17,4021,446,-88,-1819
2545,-1464,2084,-598,-167,3949,443,-77,-1847
2545,-1464,2084,-645,-347,3916,456,-54,-1832
2446,-1067,2065,-623,-399,3923,479,-51,-1824
2446,-1067,2065,-590,-497,3915,551,-37,-1812
2446,-1067,2065,-541,-577,3914,622,-33,-1765
2446,-1067,2065,-618,-870,3961,674,-23,-1703
2446,-1067,2065,-519,-1097,3975,712,-18,-1637
2446,-1067,2065,-893,-1247,3917,738,-11,-1537
2323,-735,2101,-909,-1357,4017,737,-6,-1452
2323,-735,2101,-1045,-1491,3948,729,1,-1373
2323,-735,2101,-1078,-1770,4191,716,22,-1219
2323,-735,2101,-1218,-1980,4181,692,49,-1121
2323,-735,2101,-1286,-2210,4137,662,71,-990
2323,-735,2101,-1341,-2433,4076,566,83,-847
2226,-611,2091,-1455,-2662,4070,478,82,-697
2226,-611,2091,-1489,-2709,3755,305,84,-524
2226,-611,2091,-1545,-2769,3398,203,67,-343
2226,-611,2091,-1538,-2640,3471,82,25,-174
2226,-611,2091,-1450,-2384,3275,-4,-12,-13
2226,-611,2091,-1381,-2213,3285,-92,-51,167
2219,-590,2135,-1291,-2063,3287,-135,-120,313
2219,-590,2135,-1298,-1955,3250,-141,-181,446
2219,-590,2135,-1262,-1852,3233,-182,-247,557
2219,-590,2135,-1227,-1767,3216,-246,-310,685
2219,-590,2135,-1190,-1670,3239,-278,-376,788
2219,-590,2135,-1124,-1607,3275,-337,-432,895
2263,-700,2080,-1126,-1452,3392,-410,-481,990
2263,-700,2080,-1040,-1270,3544,-462,-529,1094
2263,-700,2080,-981,-1117,3639,-482,-560,1166
2263,-700,2080,-846,-896,3795,-506,-586,1230
2263,-700,2080,-826,-870,3890,-516,-592,1528
2263,-700,2080,-845,-645,4177,-501,-588,1323
2263,-700,2080,-736,-564,4327,-456,-569,1344
2313,-912,2032,-781,-429,4469,-443,-537,1364
2313,-912,2032,-765,-415,4558,-422,-491,1374
2313,-912,2032,-736,-408,4559,-416,-422,1391
2313,-912,2032,-732,-376,4679,-388,-374,1433
2313,-912,2032,-840,-262,4541,-386,-292,1427
2313,-912,2032,-667,-129,4409,-363,-234,1406
2314,-1170,1909,-764,82,4444,-365,-189,1374
2314,-1170,1909,-734,335,4239,-336,-155,1335
2314,-1170,1909,-738,539,4085,-284,-123,1260
2314,-1170,1909,-825,697,3986,-240,-110,1163
2314,-1170,1909,-885,861,3923,-237,-104,1055
2314,-1170,1909,-1048,1030,3814,-235,-106,947
2359,-1435,1926,-1017,1517,3828,-184,-124,811
2359,-1435,1926,-1020,1441,3787,-127,-153,624
2359,-1435,1926,-1161,1494,3931,-88,-182,438
2359,-1435,1926,-1333,1585,3970,-81,-183,270
2359,-1435,1926,-1433,1599,4028,-24,-192,92
2359,-1435,1926,-1378,1686,4049,11,-221,-117
2359,-1435,1926,-1343,1817,4188,87,-209,-318
2380,-1527,1942,-1316,1836,4209,163,-217,-548
2380,-1527,1942,-843,6990,6787,228,-260,-645
2380,-1527,1942,-2274,-504,7079,252,33,-968
2380,-1527,1942,-895,1971,4558,302,-90,-1030
2380,-1527,1942,-973,1623,4276,365,39,-1280
2380,-1527,1942,-817,1185,4256,374,102,-1436
2356,-1357,1949,-694,1000,4263,384,101,-1578
2356,-1357,1949,-735,604,4193,445,128,-1675
2356,-1357,1949,-497,459,4442,475,154,-1750
2356,-1357,1949,-634,380,4335,523,167,-1818
2356,-1357,1949,-664,232,4255,531,189,-1885
2356,-1357,1949,-702,13,4203,552,211,-1918
2341,-1052,2056,-468,-342,4323,589,217,-1903
2341,-1052,2056,-396,-382,4176,586,229,-1893
2341,-1052,2056,-359,-312,4056,597,248,-1894
2341,-1052,2056,-378,-300,3912,599,275,-1860
2341,-1052,2056,-457,-247,3685,621,256,-1841
2341,-1052,2056,-505,-349,3475,687,237,-1850
2271,-746,2049,-493,-557,3511,746,207,-1823
2271,-746,2049,-443,-827,3631,781,182,-1760
2271,-746,2049,-582,-914,3629,778,161,-1717
2271,-746,2049,-545,-1163,3682,759,151,-1675
2271,-746,2049,-852,-1458,3889,726,121,-1599
2271,-746,2049,-795,-1705,3858,695,115,-1493
2271,-746,2049,-988,-1954,3940,637,114,-1377
2158,-534,2155,-1093,-2229,4018,550,107,-1224
2158,-534,2155,-1037,-2611,4623,458,110,-1068
2158,-534,2155,-1140,-2720,4418,436,145,-893
2158,-534,2155,-1615,-2691,4105,381,125,-687
2158,-534,2155,-1459,-2773,3959,351,122,-491
2158,-534,2155,-1403,-2717,3608,300,85,-317
2051,-381,2137,-1553,-2779,3655,191,87,-130
2051,-381,2137,-1380,-2712,3802,48,62,56
2051,-381,2137,-1493,-2455,3507,-57,53,286
2051,-381,2137,-1417,-2343,3622,-155,23,452
2051,-381,2137,-1295,-2071,3390,-237,-8,597
2051,-381,2137,-1320,-1948,3458,-282,-49,736
2140,-461,2190,-1132,-1754,3423,-335,-101,871
2140,-461,2190,-1265,-1335,3323,-380,-148,965
2140,-461,2190,-1064,-1484,3355,-429,-214,1057
2140,-461,2190,-963,-1113,3235,-448,-261,1123
2140,-461,2190,-1048,-1082,3227,-474,-324,1185
2140,-461,2190,-970,-894,3474,-517,-377,1293
2302,-668,2197,-1163,-815,3261,-558,-407,1313
2302,-668,2197,-803,-687,3628,-609,-459,1336
2302,-668,2197,-729,-603,3660,-646,-499,1367
2302,-668,2197,-829,-451,3613,-688,-514,1365
2302,-668,2197,-822,-278,3805,-689,-561,1381
2302,-668,2197,-711,-281,3820,-689,-551,1403
2302,-668,2197,-701,-119,3817,-695,-564,1390
2379,-896,2115,-968,-94,3879,-655,-584,1370
2379,-896,2115,-775,-76,4111,-638,-580,1336
2379,-896,2115,-723,-49,4196,-565,-559,1325
2379,-896,2115,-878,126,4268,-516,-531,1306
2379,-896,2115,-831,415,4299,-473,-501,1246
2379,-896,2115,-788,716,4467,-348,-479,1173
2380,-1135,2051,-1054,938,4582,-240,-438,1061
2380,-1135,2051,-1123,1155,4605,-190,-370,932
2380,-1135,2051,-1343,1493,4526,-133,-322,761
2380,-1135,2051,-1172,1743,4671,-71,-270,563
2380,-1135,2051,-1142,1978,4575,-14,-224,352
2380,-1135,2051,-1331,2119,4704,29,-158,125
2359,-1293,1983,-1479,2123,4353,68,-103,-93
2359,-1293,1983,-1540,1970,4699,95,-46,-329
2359,-1293,1983,-1298,1814,4644,112,9,-555
2359,-1293,1983,-1425,1662,4573,193,60,-775
2359,-1293,1983,-1193,1555,4599,215,108,-967
2359,-1293,1983,-1096,1428,4485,260,157,-1144
2342,-1210,2010,-1221,1295,4391,278,188,-1275
2342,-1210,2010,-1026,1116,4300,309,216,-1412
2342,-1210,2010,-845,989,4093,325,251,-1555
2342,-1210,2010,-748,796,3993,388,282,-1678
2342,-1210,2010,-679,541,4119,447,290,-1748
2342,-1210,2010,-617,437,3888,538,296,-1811
2342,-1210,2010,-501,170,3891,598,285,-1869
2314,-858,2120,-584,-4,3674,659,280,-1916
2314,-858,2120,-518,-156,3667,694,267,-1941
2314,-858,2120,-470,-388,3750,711,245,-1957
2314,-858,2120,-395,-621,3797,735,229,-1944
2314,-858,2120,-445,-793,3710,753,219,-1908
2314,-858,2120,-559,-1011,3660,774,187,-1865
2229,-567,2194,-712,-1298,3682,808,169,-1756
2229,-567,2194,-916,-1559,3725,812,148,-1688
2229,-567,2194,-1086,-1804,3844,819,128,-1566
2229,-567,2194,-1251,-2027,3965,805,120,-1411
2229,-567,2194,-1313,-2129,4125,1003,148,-1273
2229,-567,2194,-1412,-2681,4261,672,128,-1110
2068,-301,2227,-1555,-2821,4449,550,155,-922
2068,-301,2227,-1559,-2995,4470,400,203,-693
2068,-301,2227,-1580,-3014,4408,274,220,-491
2068,-301,2227,-1658,-3046,4274,172,239,-299
2068,-301,2227,-1584,-3030,4062,81,246,-91
2068,-301,2227,-1535,-2841,3952,-15,253,99
2063,-256,2247,-1488,-2688,3816,-114,243,304
2063,-256,2247,-1411,-2497,3657,-219,224,465
2063,-256,2247,-1305,-2166,3475,-317,190,600
2063,-256,2247,-1235,-1973,3323,-418,145,735
2063,-256,2247,-1127,-1691,3142,-487,71,841
2063,-256,2247,-1104,-1516,2952,-572,9,943
2063,-256,2247,-1027,-1305,2851,-639,-59,1016
2252,-455,2287,-977,-1145,3023,-668,-155,1093
2252,-455,2287,-929,-1095,2856,-724,-225,1163
2252,-455,2287,-919,-1043,3128,-741,-323,1215
2252,-455,2287,-924,-921,3139,-755,-401,1275
2252,-455,2287,-946,-748,3257,-767,-468,1321
2252,-455,2287,-955,-543,3297,-764,-539,1348
2391,-647,2321,-1053,-371,3376,-754,-601,1377
2391,-647,2321,-1033,-281,3402,-723,-639,1384
2391,-647,2321,-1035,-179,3615,-736,-701,1363
