xmag,ymag,zmag,xaccel,yaccel,zaccel,xgyro,ygyro,zgyro
664,-2981,-6950,44,196,-4017,57,-99,-115
664,-2974,-6925,75,241,-4044,54,-113,-123
664,-2974,-6925,43,253,-4069,36,-100,-124
664,-2974,-6925,26,226,-4032,36,-100,-99
664,-2974,-6925,68,266,-4055,30,-116,-121
664,-2974,-6925,54,256,-4058,44,-108,-127
664,-2974,-6925,36,246,-4095,41,-104,-92
664,-2974,-6925,25,207,-4072,67,-113,-118
664,-2974,-6925,62,240,-4063,50,-111,-122
664,-2974,-6925,78,240,-4036,45,-109,-106
678,-2959,-6967,69,305,-4067,46,-109,-131
678,-2959,-6967,73,501,-4121,25,-118,-126
678,-2959,-6967,45,261,-4062,34,-105,-123
678,-2959,-6967,80,250,-4130,56,-108,-105
678,-2959,-6967,59,5,-4034,39,-110,-116
678,-2959,-6967,79,253,-4053,47,-97,-116
678,-2959,-6967,85,237,-4090,41,-112,-106
678,-2959,-6967,61,245,-4034,33,-113,-124
678,-2959,-6967,48,276,-4037,40,-109,-121
700,-2951,-6955,95,293,-4061,34,-115,-110
700,-2951,-6955,32,283,-4093,60,-113,-126
700,-2951,-6955,93,241,-4074,48,-110,-137
700,-2951,-6955,56,250,-4063,33,-107,-95
700,-2951,-6955,48,232,-4072,52,-107,-115
700,-2951,-6955,79,271,-4050,33,-104,-116
700,-2951,-6955,60,230,-4047,62,-103,-108
700,-2951,-6955,85,226,-4042,60,-112,-130
700,-2951,-6955,54,508,-4088,27,-104,-136
665,-2951,-6946,116,230,-4074,34,-113,-95
665,-2951,-6946,80,282,-4118,35,-111,-108
665,-2951,-6946,90,20,-4052,40,-106,-126
665,-2951,-6946,87,259,-4101,42,-112,-104
665,-2951,-6946,83,261,-4116,66,-114,-122
665,-2951,-6946,54,478,-4028,41,-118,-120
665,-2951,-6946,41,235,-4029,48,-112,-110
665,-2951,-6946,60,252,-4041,48,-112,-118
665,-2951,-6946,36,228,-4050,32,-110,-127
665,-2951,-6946,85,269,-4003,39,-108,-118
672,-2925,-6939,44,264,-4017,57,-115,-108
672,-2925,-6939,47,5,-4055,29,-108,-115
672,-2925,-6939,17,263,-4087,40,-112,-122
672,-2925,-6939,127,271,-4050,48,-109,-115
672,-2925,-6939,51,505,-4028,47,-105,-125
672,-2925,-6939,71,239,-4084,43,-95,-132
672,-2925,-6939,15,241,-4076,46,-114,-98
672,-2925,-6939,53,215,-4132,22,-108,-107
672,-2925,-6939,44,240,-4069,35,-119,-111
664,-2943,-6966,55,247,-4032,51,-112,-117
664,-2943,-6966,41,291,-4056,24,-113,-123
664,-2943,-6966,49,241,-4076,43,-110,-124
664,-2943,-6966,42,246,-4058,68,-116,-114
664,-2943,-6966,69,256,-4035,35,-124,-119
664,-2943,-6966,46,240,-4045,43,-109,-134
664,-2943,-6966,112,274,-4081,56,-106,-101
664,-2943,-6966,65,259,-4026,61,-109,-116
664,-2943,-6966,42,276,-4089,39,-116,-127
692,-2937,-6939,88,227,-4043,69,-114,-125
692,-2937,-6939,56,241,-3966,58,-107,-129
692,-2937,-6939,83,251,-4072,50,-105,-121
692,-2937,-6939,79,284,-4067,57,-109,-122
692,-2937,-6939,48,215,-4048,55,-106,-117
692,-2937,-6939,3,253,-4022,36,-114,-118
692,-2937,-6939,97,257,-4092,34,-105,-106
692,-2937,-6939,116,294,-4054,55,-110,-127
692,-2937,-6939,33,237,-4076,34,-115,-129
718,-2931,-6910,-8,264,-3989,42,-108,-142
718,-2931,-6910,98,250,-4053,33,-109,-136
718,-2931,-6910,72,260,-4030,37,-114,-134
718,-2931,-6910,45,233,-4093,49,-111,-129
718,-2931,-6910,97,243,-4043,52,-106,-129
718,-2931,-6910,38,274,-4064,37,-114,-107
718,-2931,-6910,77,267,-4078,36,-106,-110
718,-2931,-6910,59,241,-4031,44,-121,-96
718,-2931,-6910,26,236,-4037,36,-96,-100
699,-2919,-6940,95,257,-4076,45,-105,-108
699,-2919,-6940,49,263,-4062,46,-114,-118
699,-2919,-6940,66,242,-4078,43,-113,-107
699,-2919,-6940,74,246,-4018,36,-110,-104
699,-2919,-6940,58,256,-4033,49,-106,-106
699,-2919,-6940,56,234,-4154,53,-106,-103
699,-2919,-6940,58,230,-3958,40,-111,-102
699,-2919,-6940,49,265,-4086,47,-107,-106
699,-2919,-6940,80,252,-4093,40,-109,-104
684,-2930,-6973,56,272,-4057,51,-105,-121
684,-2930,-6973,44,211,-4110,37,-111,-124
684,-2930,-6973,61,277,-4076,31,-109,-120
684,-2930,-6973,53,259,-4164,44,-111,-127
684,-2930,-6973,45,241,-4090,31,-107,-108
684,-2930,-6973,71,501,-4024,42,-114,-115
684,-2930,-6973,53,5,-4026,46,-112,-116
684,-2930,-6973,52,274,-3977,46,-108,-129
684,-2930,-6973,41,237,-4054,62,-113,-131
684,-2930,-6973,59,293,-4054,45,-113,-132
694,-2995,-6957,76,268,-4032,42,-113,-120
694,-2995,-6957,63,261,-4086,35,-110,-123
694,-2995,-6957,46,250,-4061,48,-104,-108
694,-2995,-6957,47,261,-4083,42,-103,-97
694,-2995,-6957,61,235,-4075,36,-108,-90
694,-2995,-6957,44,244,-4080,39,-99,-92
694,-2995,-6957,67,501,-4037,29,-98,-100
694,-2995,-6957,67,244,-3990,32,-111,-108
694,-2995,-6957,41,245,-4061,44,-114,-120
666,-2935,-6946,47,253,-4024,50,-107,-119
666,-2935,-6946,70,268,-4043,53,-104,-117
666,-2935,-6946,50,236,-4055,49,-110,-117
666,-2935,-6946,46,264,-4059,31,-100,-111
666,-2935,-6946,67,249,-4057,27,-114,-113
666,-2935,-6946,42,256,-4050,41,-111,-104
666,-2935,-6946,62,233,-4006,50,-111,-116
666,-2935,-6946,73,242,-4030,52,-108,-115
666,-2935,-6946,13,259,-4055,49,-101,-114
678,-2920,-6950,27,233,-4057,40,-100,-102
678,-2920,-6950,48,258,-4067,43,-109,-110
678,-2920,-6950,58,242,-4044,32,-103,-101
678,-2920,-6950,50,250,-4071,39,-111,-96
678,-2920,-6950,67,249,-4001,24,-110,-104
678,-2920,-6950,65,509,-4012,36,-111,-99
678,-2920,-6950,59,253,-4134,50,-108,-109
678,-2920,-6950,59,271,-4042,44,-111,-113
678,-2920,-6950,51,257,-4145,47,-114,-125
661,-2912,-6994,-2,258,-4031,43,-104,-114
661,-2912,-6994,101,283,-4105,35,-116,-106
661,-2912,-6994,63,261,-4058,54,-106,-108
661,-2912,-6994,55,241,-4036,53,-112,-107
661,-2912,-6994,54,210,-4036,41,-110,-109
661,-2912,-6994,33,233,-4084,54,-110,-122
661,-2912,-6994,92,230,-4058,41,-109,-122
661,-2912,-6994,85,259,-4136,35,-110,-120
661,-2912,-6994,36,274,-4084,26,-97,-91
662,-2971,-6952,59,253,-4060,36,-110,-103
662,-2971,-6952,76,262,-4089,54,-112,-108
662,-2971,-6952,57,234,-4044,62,-113,-120
662,-2971,-6952,52,243,-4073,60,-108,-119
662,-2971,-6952,21,277,-4055,61,-105,-116
662,-2971,-6952,32,194,-4028,39,-107,-106
662,-2971,-6952,56,236,-4052,44,-108,-92
662,-2971,-6952,68,268,-4074,42,-115,-93
662,-2971,-6952,75,245,-4070,48,-109,-93
687,-2977,-6937,61,263,-4074,47,-106,-112
687,-2977,-6937,78,240,-3992,62,-108,-110
687,-2977,-6937,51,301,-4087,50,-112,-114
687,-2977,-6937,70,240,-4079,47,-109,-110
687,-2977,-6937,67,255,-3987,28,-101,-107
687,-2977,-6937,58,270,-4079,57,-120,-118
687,-2977,-6937,44,198,-4031,42,-104,-125
687,-2977,-6937,24,266,-3974,44,-107,-131
687,-2977,-6937,57,263,-4091,52,-110,-125
659,-2960,-6987,38,264,-4082,34,-121,-128
659,-2960,-6987,73,233,-4020,29,-109,-127
659,-2960,-6987,72,268,-4028,43,-113,-97
659,-2960,-6987,64,2,-4049,48,-113,-108
659,-2960,-6987,78,250,-4042,52,-108,-117
659,-2960,-6987,54,256,-4026,37,-115,-124
659,-2960,-6987,45,265,-4045,39,-109,-119
659,-2960,-6987,44,246,-4048,43,-107,-115
659,-2960,-6987,53,253,-4041,38,-105,-105
706,-2950,-6968,49,272,-4031,42,-109,-114
706,-2950,-6968,43,303,-4042,54,-111,-117
706,-2950,-6968,71,271,-4014,32,-111,-119
706,-2950,-6968,79,249,-4072,77,-105,-115
706,-2950,-6968,87,255,-4082,62,-109,-113
706,-2950,-6968,60,254,-4026,56,-113,-122
706,-2950,-6968,104,252,-4075,27,-109,-117
706,-2950,-6968,57,271,-4067,40,-110,-124
706,-2950,-6968,64,242,-4051,48,-118,-133
663,-2942,-6989,32,278,-4057,36,-111,-134
663,-2942,-6989,60,256,-4078,60,-108,-100
663,-2942,-6989,56,262,-4110,55,-101,-92
663,-2942,-6989,92,240,-4071,50,-103,-98
663,-2942,-6989,55,237,-4002,46,-101,-103
663,-2942,-6989,66,256,-4058,38,-99,-109
663,-2942,-6989,58,486,-4103,37,-107,-101
663,-2942,-6989,96,510,-4044,60,-105,-109
663,-2942,-6989,25,3,-4010,29,-117,-106
664,-2949,-6966,94,252,-4031,45,-108,-101
664,-2949,-6966,62,240,-4024,33,-105,-129
664,-2949,-6966,86,506,-4080,32,-106,-116
664,-2949,-6966,48,262,-4041,26,-108,-119
664,-2949,-6966,135,243,-4099,22,-107,-126
664,-2949,-6966,71,267,-4100,65,-107,-98
664,-2949,-6966,68,248,-4326,38,-109,-121
664,-2949,-6966,82,262,-4070,25,-109,-119
664,-2949,-6966,77,9,-4073,65,-106,-104
686,-2958,-6985,49,509,-4112,54,-107,-120
686,-2958,-6985,78,284,-4066,28,-108,-108
686,-2958,-6985,65,254,-4069,49,-115,-115
686,-2958,-6985,58,240,-4035,21,-109,-104
686,-2958,-6985,59,497,-4074,38,-110,-111
686,-2958,-6985,60,219,-4045,62,-110,-114
686,-2958,-6985,62,270,-4083,40,-115,-123
686,-2958,-6985,51,255,-4064,39,-112,-102
686,-2958,-6985,44,258,-4066,38,-120,-92
700,-2971,-6944,41,243,-4038,42,-103,-94
700,-2971,-6944,76,258,-4018,29,-103,-109
700,-2971,-6944,62,257,-4015,45,-107,-118
700,-2971,-6944,51,237,-4047,35,-101,-110
700,-2971,-6944,46,254,-4062,36,-106,-101
700,-2971,-6944,39,291,-4117,45,-107,-104
700,-2971,-6944,87,253,-4004,56,-112,-110
700,-2971,-6944,45,265,-4073,44,-115,-121
700,-2971,-6944,39,229,-4005,41,-107,-111
663,-2922,-6953,33,249,-4083,57,-101,-113
663,-2922,-6953,42,286,-4072,46,-106,-104
663,-2922,-6953,58,10,-4054,46,-116,-103
663,-2922,-6953,50,268,-4066,39,-107,-110
663,-2922,-6953,78,247,-4032,44,-114,-115
663,-2922,-6953,70,262,-4063,43,-111,-113
663,-2922,-6953,84,262,-4077,38,-113,-117
663,-2922,-6953,91,253,-4083,36,-111,-113
663,-2922,-6953,26,238,-4047,36,-101,-115
659,-2921,-6980,98,262,-4054,36,-100,-100
659,-2921,-6980,59,273,-4331,35,-103,-95
659,-2921,-6980,43,273,-4034,71,-102,-99
659,-2921,-6980,35,251,-4047,46,-112,-109
659,-2921,-6980,22,244,-4025,51,-104,-112
659,-2921,-6980,74,226,-4060,53,-113,-117
659,-2921,-6980,51,261,-4047,48,-109,-93
659,-2921,-6980,93,265,-4078,45,-105,-88
659,-2921,-6980,39,243,-4070,57,-103,-94
649,-2941,-6971,59,263,-4073,34,-99,-93
649,-2941,-6971,64,253,-4061,48,-103,-105
649,-2941,-6971,37,243,-4030,43,-100,-94
649,-2941,-6971,61,505,-4062,58,-109,-101
649,-2941,-6971,73,235,-4109,52,-114,-101
649,-2941,-6971,65,215,-4075,50,-110,-124
649,-2941,-6971,73,255,-4082,36,-109,-127
649,-2941,-6971,67,263,-4026,50,-117,-93
649,-2941,-6971,42,254,-4335,63,-104,-77
636,-2951,-6960,39,273,-4049,45,-105,-90
636,-2951,-6960,48,260,-4013,35,-120,-111
636,-2951,-6960,63,269,-4046,50,-108,-109
636,-2951,-6960,52,252,-4034,56,-116,-111
636,-2951,-6960,78,262,-4049,45,-110,-117
636,-2951,-6960,71,3,-4081,49,-105,-107
636,-2951,-6960,60,258,-4068,46,-114,-112
636,-2951,-6960,68,248,-4074,57,-106,-118
636,-2951,-6960,68,249,-3990,54,-107,-108
665,-2966,-6985,71,243,-4067,46,-112,-120
665,-2966,-6985,85,271,-4047,60,-109,-122
665,-2966,-6985,19,237,-4002,37,-111,-128
665,-2966,-6985,25,253,-4009,55,-108,-125
665,-2966,-6985,73,291,-4090,40,-115,-122
665,-2966,-6985,81,267,-4061,50,-117,-128
665,-2966,-6985,59,245,-4062,48,-113,-139
665,-2966,-6985,50,232,-4042,48,-108,-135
665,-2966,-6985,35,251,-4072,61,-109,-89
678,-2943,-6960,75,263,-4060,39,-103,-96
678,-2943,-6960,73,271,-4100,37,-109,-109
678,-2943,-6960,71,242,-3959,30,-111,-120
678,-2943,-6960,46,231,-3975,50,-108,-130
678,-2943,-6960,48,225,-4071,58,-112,-133
678,-2943,-6960,55,263,-4083,46,-113,-124
678,-2943,-6960,10,232,-4018,43,-105,-127
678,-2943,-6960,75,251,-4100,52,-103,-115
678,-2943,-6960,52,248,-4079,60,-109,-116
689,-2936,-6945,24,250,-4031,48,-101,-115
689,-2936,-6945,79,239,-4026,64,-126,-98
689,-2936,-6945,20,252,-4042,41,-104,-96
689,-2936,-6945,56,264,-4053,53,-105,-95
689,-2936,-6945,68,226,-4026,52,-124,-86
689,-2936,-6945,32,268,-4049,44,-109,-94
689,-2936,-6945,62,256,-4026,34,-106,-101
689,-2936,-6945,66,242,-4029,24,-114,-111
689,-2936,-6945,59,9,-4040,47,-110,-107
670,-2917,-6954,43,241,-4072,27,-108,-99
670,-2917,-6954,66,246,-4064,53,-110,-136
670,-2917,-6954,74,260,-4058,33,-110,-107
670,-2917,-6954,81,279,-4072,48,-110,-104
670,-2917,-6954,56,231,-4077,43,-104,-101
670,-2917,-6954,60,258,-4077,39,-113,-136
670,-2917,-6954,43,249,-4031,42,-115,-130
670,-2917,-6954,66,226,-4025,47,-121,-101
670,-2917,-6954,50,282,-4041,56,-119,-116
666,-2946,-6985,78,262,-4104,47,-120,-117
666,-2946,-6985,75,269,-4268,28,-116,-109
666,-2946,-6985,47,229,-4101,40,-104,-122
666,-2946,-6985,57,263,-4076,42,-112,-124
666,-2946,-6985,48,230,-4030,48,-112,-123
666,-2946,-6985,50,298,-4081,44,-109,-122
666,-2946,-6985,65,243,-3844,36,-116,-100
666,-2946,-6985,78,282,-4069,38,-116,-104
666,-2946,-6985,41,243,-4037,39,-118,-110
647,-2951,-6922,58,303,-4089,73,-112,-110
647,-2951,-6922,65,269,-4060,50,-107,-110
647,-2951,-6922,58,200,-4075,35,-108,-119
647,-2951,-6922,49,247,-4120,52,-117,-120
647,-2951,-6922,69,245,-3968,43,-108,-110
647,-2951,-6922,70,242,-3989,32,-117,-121
647,-2951,-6922,79,511,-4085,55,-117,-128
647,-2951,-6922,71,224,-4074,26,-113,-127
647,-2951,-6922,109,285,-4084,40,-114,-127
666,-2931,-6944,76,242,-4107,30,-113,-125
666,-2931,-6944,49,223,-4032,32,-108,-102
666,-2931,-6944,70,246,-4038,32,-104,-93
666,-2931,-6944,78,254,-4052,46,-113,-91
666,-2931,-6944,88,492,-4033,49,-111,-96
666,-2931,-6944,72,496,-4001,42,-112,-102
666,-2931,-6944,73,271,-4097,65,-104,-117
666,-2931,-6944,69,251,-4085,56,-112,-121
666,-2931,-6944,48,270,-4161,41,-115,-119
669,-2906,-6937,39,219,-4040,42,-109,-115
669,-2906,-6937,72,310,-4083,58,-112,-112
669,-2906,-6937,35,287,-4018,57,-110,-106
669,-2906,-6937,93,271,-4102,53,-103,-99
669,-2906,-6937,68,272,-4002,37,-110,-112
669,-2906,-6937,57,282,-4119,44,-112,-123
669,-2906,-6937,35,268,-4091,42,-107,-116
669,-2906,-6937,71,291,-4084,30,-114,-108
669,-2906,-6937,54,258,-4008,28,-110,-112
694,-2899,-6908,83,283,-3865,43,-120,-81
694,-2899,-6908,48,236,-4128,51,-118,-92
694,-2899,-6908,72,254,-4116,37,-107,-102
694,-2899,-6908,76,264,-4083,49,-112,-93
694,-2899,-6908,73,17,-3995,36,-107,-109
694,-2899,-6908,244,275,-4031,75,-110,-118
694,-2899,-6908,-228,267,-4159,58,-108,-117
694,-2899,-6908,-30,294,-4071,48,-109,-118
694,-2899,-6908,71,285,-3978,42,-118,-128
680,-2938,-6908,71,213,-4097,41,-112,-123
680,-2938,-6908,86,250,-4017,47,-112,-89
680,-2938,-6908,15,259,-4328,48,-128,-91
680,-2938,-6908,32,276,-4009,48,-110,-98
680,-2938,-6908,38,234,-4048,43,-111,-89
680,-2938,-6908,100,268,-4066,59,-108,-97
680,-2938,-6908,66,500,-4043,53,-108,-105
680,-2938,-6908,130,484,-4039,50,-113,-113
680,-2938,-6908,-18,2,-4140,46,-111,-108
679,-2945,-6922,76,258,-4050,36,-114,-114
679,-2945,-6922,64,253,-4094,67,-107,-119
679,-2945,-6922,64,250,-4044,52,-110,-125
679,-2945,-6922,66,255,-4163,54,-101,-123
679,-2945,-6922,59,265,-4121,38,-112,-113
679,-2945,-6922,75,273,-4068,49,-112,-114
679,-2945,-6922,69,254,-4028,31,-108,-113
679,-2945,-6922,52,250,-4082,37,-113,-124
679,-2945,-6922,51,286,-4043,45,-110,-122
679,-2945,-6922,35,240,-4044,47,-111,-118
664,-2918,-6914,75,279,-4042,53,-110,-123
664,-2918,-6914,58,230,-4058,36,-107,-116
664,-2918,-6914,70,270,-4027,40,-110,-118
664,-2918,-6914,38,240,-3891,33,-108,-118
664,-2918,-6914,46,260,-3993,43,-108,-106
664,-2918,-6914,50,222,-4119,38,-112,-111
664,-2918,-6914,51,293,-4142,55,-116,-117
664,-2918,-6914,58,248,-3995,57,-114,-118
664,-2918,-6914,61,285,-4091,46,-115,-122
672,-2954,-6923,81,251,-4074,48,-111,-132
672,-2954,-6923,74,300,-4077,57,-114,-131
672,-2954,-6923,76,206,-4089,50,-112,-137
672,-2954,-6923,56,276,-4041,58,-111,-136
672,-2954,-6923,106,238,-4103,54,-106,-133
672,-2954,-6923,14,276,-4061,37,-98,-126
672,-2954,-6923,95,255,-4040,47,-117,-131
672,-2954,-6923,85,283,-4056,53,-106,-101
672,-2954,-6923,59,220,-4030,60,-108,-112
663,-2953,-6934,55,297,-4049,56,-103,-105
663,-2953,-6934,45,213,-4039,48,-110,-118
663,-2953,-6934,58,242,-4077,33,-106,-105
663,-2953,-6934,20,240,-3842,31,-114,-94
663,-2953,-6934,73,277,-4052,35,-113,-89
663,-2953,-6934,44,246,-4058,51,-102,-96
663,-2953,-6934,66,264,-4087,43,-112,-102
663,-2953,-6934,64,242,-4102,55,-111,-115
663,-2953,-6934,59,261,-4041,32,-114,-111
682,-2976,-6954,49,221,-4126,49,-115,-124
682,-2976,-6954,49,249,-4027,46,-129,-92
682,-2976,-6954,31,241,-4044,32,-106,-105
682,-2976,-6954,80,256,-4025,32,-116,-111
682,-2976,-6954,62,210,-4055,36,-110,-98
682,-2976,-6954,91,257,-4120,41,-105,-103
682,-2976,-6954,68,278,-4107,55,-113,-116
682,-2976,-6954,50,272,-4037,47,-109,-102
682,-2976,-6954,41,251,-4019,33,-116,-117
671,-2949,-6888,52,238,-4026,24,-114,-116
671,-2949,-6888,64,238,-4023,60,-113,-115
671,-2949,-6888,74,245,-4083,51,-108,-117
671,-2949,-6888,50,246,-4060,63,-114,-127
671,-2949,-6888,43,227,-4092,38,-111,-127
671,-2949,-6888,28,264,-4057,47,-105,-112
671,-2949,-6888,68,252,-4075,58,-105,-104
671,-2949,-6888,46,250,-4138,40,-103,-94
671,-2949,-6888,46,498,-4047,53,-108,-100
652,-2926,-6900,39,241,-4094,36,-111,-123
652,-2926,-6900,60,283,-4080,39,-114,-118
652,-2926,-6900,16,216,-4096,47,-109,-127
652,-2926,-6900,71,293,-4007,58,-110,-120
652,-2926,-6900,93,233,-4047,35,-107,-110
652,-2926,-6900,63,267,-3983,37,-116,-101
652,-2926,-6900,60,258,-4260,25,-115,-109
652,-2926,-6900,70,222,-4093,61,-100,-104
652,-2926,-6900,24,200,-4013,42,-102,-95
694,-2928,-6899,71,193,-4049,49,-115,-132
694,-2928,-6899,94,310,-4183,26,-110,-130
694,-2928,-6899,111,343,-4065,47,-106,-126
694,-2928,-6899,108,356,-3960,59,-115,-126
694,-2928,-6899,43,255,-4100,50,-116,-119
694,-2928,-6899,6,181,-4141,59,-103,-105
694,-2928,-6899,2,154,-4088,36,-108,-118
694,-2928,-6899,15,187,-4086,48,-115,-128
694,-2928,-6899,74,242,-3995,27,-115,-118
703,-2964,-6933,91,314,-4194,55,-109,-107
703,-2964,-6933,129,359,-4107,24,-110,-111
703,-2964,-6933,105,313,-4099,41,-111,-112
703,-2964,-6933,38,276,-4057,53,-117,-129
703,-2964,-6933,4,214,-4073,53,-123,-85
703,-2964,-6933,28,174,-4086,26,-108,-104
703,-2964,-6933,54,188,-4305,27,-119,-98
703,-2964,-6933,97,271,-4062,55,-101,-113
703,-2964,-6933,102,294,-4057,47,-118,-101
698,-2970,-6961,95,343,-4023,60,-104,-99
698,-2970,-6961,69,303,-4095,42,-106,-103
698,-2970,-6961,27,251,-4058,48,-112,-120
698,-2970,-6961,14,174,-4074,39,-107,-101
698,-2970,-6961,-233,157,-4066,53,-107,-105
698,-2970,-6961,53,197,-4115,52,-109,-112
698,-2970,-6961,87,231,-4005,60,-107,-106
698,-2970,-6961,73,307,-4014,61,-112,-114
698,-2970,-6961,58,324,-3988,23,-114,-119
674,-2949,-6965,52,306,-4100,36,-111,-122
674,-2949,-6965,33,239,-4088,47,-109,-124
674,-2949,-6965,29,175,-4079,62,-111,-124
674,-2949,-6965,25,203,-4106,42,-112,-114
674,-2949,-6965,73,198,-4033,50,-122,-123
674,-2949,-6965,86,273,-4095,41,-108,-122
674,-2949,-6965,52,268,-4039,46,-117,-127
674,-2949,-6965,85,339,-4039,53,-111,-132
674,-2949,-6965,29,301,-4167,45,-108,-126
703,-2930,-6943,26,240,-4102,38,-103,-93
703,-2930,-6943,39,235,-4099,44,-107,-100
703,-2930,-6943,100,218,-4079,45,-111,-97
703,-2930,-6943,98,234,-4023,41,-109,-92
703,-2930,-6943,79,301,-4133,41,-116,-107
703,-2930,-6943,59,323,-4031,39,-102,-102
703,-2930,-6943,37,311,-4049,50,-113,-113
703,-2930,-6943,73,263,-4021,51,-112,-111
703,-2930,-6943,41,489,-4110,51,-112,-108
680,-2973,-6945,53,205,-4099,40,-108,-110
680,-2973,-6945,71,249,-4032,34,-111,-118
680,-2973,-6945,60,228,-4128,25,-110,-93
680,-2973,-6945,-8,262,-4078,64,-109,-103
680,-2973,-6945,16,318,-4072,44,-111,-100
680,-2973,-6945,37,283,-3906,40,-95,-105
680,-2973,-6945,-29,247,-4197,45,-117,-124
680,-2973,-6945,55,241,-4153,65,-117,-115
680,-2973,-6945,126,190,-3992,36,-104,-122
701,-2916,-6935,72,242,-4021,30,-108,-118
701,-2916,-6935,45,281,-4098,26,-110,-112
701,-2916,-6935,83,307,-4029,71,-105,-108
701,-2916,-6935,76,276,-3997,44,-109,-107
701,-2916,-6935,45,289,-4069,34,-106,-113
701,-2916,-6935,57,231,-4118,51,-111,-103
701,-2916,-6935,35,202,-4030,50,-108,-100
701,-2916,-6935,104,214,-4024,46,-108,-118
701,-2916,-6935,46,224,-4067,39,-107,-109
674,-2950,-6950,41,257,-4025,39,-104,-106
674,-2950,-6950,41,331,-4095,34,-116,-93
674,-2950,-6950,82,262,-4040,43,-103,-103
674,-2950,-6950,63,249,-4065,20,-115,-100
674,-2950,-6950,63,239,-4036,37,-112,-110
674,-2950,-6950,92,234,-4092,45,-108,-117
674,-2950,-6950,34,258,-4098,55,-111,-107
674,-2950,-6950,46,248,-4021,41,-103,-109
674,-2950,-6950,55,277,-4112,35,-115,-114
635,-2971,-6928,53,296,-4133,60,-112,-136
635,-2971,-6928,109,245,-3762,49,-105,-135
635,-2971,-6928,87,191,-4136,47,-116,-137
635,-2971,-6928,28,190,-4079,46,-105,-102
635,-2971,-6928,72,204,-3979,25,-111,-109
635,-2971,-6928,81,259,-4077,70,-110,-121
635,-2971,-6928,61,253,-4036,50,-115,-133
635,-2971,-6928,89,305,-4113,58,-109,-126
635,-2971,-6928,77,259,-4013,39,-107,-114
662,-2931,-6919,32,298,-3979,37,-112,-83
662,-2931,-6919,34,246,-4074,32,-101,-91
662,-2931,-6919,46,242,-4103,53,-118,-98
662,-2931,-6919,54,212,-4079,51,-109,-97
662,-2931,-6919,67,213,-4046,41,-103,-104
662,-2931,-6919,68,274,-4034,50,-114,-111
662,-2931,-6919,90,307,-4101,54,-116,-126
662,-2931,-6919,91,307,-4116,58,-117,-138
662,-2931,-6919,90,328,-4075,49,-115,-131
694,-2938,-6956,78,246,-4103,24,-105,-80
694,-2938,-6956,38,208,-4060,23,-105,-102
694,-2938,-6956,75,209,-4085,27,-98,-106
694,-2938,-6956,95,259,-4113,53,-108,-98
694,-2938,-6956,63,223,-4029,33,-103,-107
694,-2938,-6956,58,318,-4043,35,-117,-108
694,-2938,-6956,62,262,-4096,34,-115,-109
694,-2938,-6956,61,275,-4051,28,-113,-110
694,-2938,-6956,13,249,-4057,42,-106,-112
709,-2975,-6975,64,230,-4081,34,-116,-102
709,-2975,-6975,91,225,-4091,40,-108,-112
709,-2975,-6975,73,235,-4170,58,-109,-117
709,-2975,-6975,105,305,-4081,51,-106,-109
709,-2975,-6975,72,287,-4052,54,-107,-107
709,-2975,-6975,89,301,-4067,46,-105,-124
709,-2975,-6975,39,243,-4062,39,-114,-129
709,-2975,-6975,47,247,-4036,41,-105,-132
709,-2975,-6975,71,259,-4066,38,-114,-102
679,-2956,-6964,86,214,-4298,46,-114,-92
679,-2956,-6964,83,231,-4074,42,-114,-82
679,-2956,-6964,67,259,-4041,37,-104,-87
679,-2956,-6964,38,278,-4044,35,-110,-99
679,-2956,-6964,58,276,-4061,31,-106,-94
679,-2956,-6964,65,251,-4044,42,-98,-103
679,-2956,-6964,67,243,-4085,42,-103,-110
679,-2956,-6964,81,233,-4163,33,-114,-112
679,-2956,-6964,50,230,-4080,35,-112,-116
688,-2937,-6967,61,249,-3984,32,-114,-106
688,-2937,-6967,79,282,-4006,32,-111,-102
688,-2937,-6967,40,303,-4079,31,-107,-106
688,-2937,-6967,-214,207,-4050,36,-108,-116
688,-2937,-6967,74,272,-4118,56,-120,-119
688,-2937,-6967,100,218,-4055,46,-107,-125
688,-2937,-6967,14,236,-4021,49,-109,-128
688,-2937,-6967,81,231,-4090,40,-111,-134
688,-2937,-6967,77,249,-3844,61,-121,-102
678,-2968,-6964,64,294,-4092,26,-109,-115
678,-2968,-6964,59,249,-3985,55,-108,-119
678,-2968,-6964,47,282,-4011,39,-107,-134
678,-2968,-6964,66,251,-4116,47,-115,-134
678,-2968,-6964,83,299,-4053,55,-107,-120
678,-2968,-6964,95,221,-4133,53,-111,-129
678,-2968,-6964,72,282,-4018,52,-116,-132
678,-2968,-6964,85,229,-4073,59,-108,-94
678,-2968,-6964,74,264,-4074,41,-100,-103
669,-2939,-6943,79,263,-4032,45,-108,-105
669,-2939,-6943,129,342,-3995,51,-113,-111
669,-2939,-6943,105,269,-4003,49,-112,-112
669,-2939,-6943,-96,243,-3985,33,-109,-115
669,-2939,-6943,250,182,-3929,47,-107,-121
669,-2939,-6943,128,330,-4173,30,-108,-112
669,-2939,-6943,187,123,-4277,45,-109,-124
669,-2939,-6943,-71,9,-4114,33,-109,-88
669,-2939,-6943,-219,227,-4011,34,-109,-117
647,-2972,-6945,-77,575,-3872,50,-103,-123
647,-2972,-6945,23,531,-4083,48,-104,-136
647,-2972,-6945,223,226,-4087,55,-116,-139
647,-2972,-6945,349,189,-4054,41,-116,-111
647,-2972,-6945,338,137,-4055,69,-114,-113
647,-2972,-6945,129,363,-4009,24,-110,-103
647,-2972,-6945,-143,96,-4062,36,-111,-116
647,-2972,-6945,-229,115,-4308,39,-87,-113
647,-2972,-6945,-145,185,-4091,40,-119,-98
688,-2963,-6911,147,505,-4032,38,-107,-95
688,-2963,-6911,331,477,-4035,52,-102,-102
688,-2963,-6911,318,214,-4038,57,-110,-115
688,-2963,-6911,123,45,-4030,28,-104,-120
688,-2963,-6911,-64,114,-4130,10,-104,-95
688,-2963,-6911,-134,310,-4016,61,-105,-96
688,-2963,-6911,-110,364,-4076,51,-111,-125
688,-2963,-6911,26,611,-4066,49,-112,-140
688,-2963,-6911,216,826,-4140,71,-112,-121
652,-2960,-6938,348,794,-4099,63,-119,-137
652,-2960,-6938,606,852,-4094,39,-114,-181
652,-2960,-6938,511,759,-4038,31,-104,-227
652,-2960,-6938,10,368,-3722,103,-148,-228
652,-2960,-6938,-419,707,-3998,21,-116,-250
652,-2960,-6938,-82,700,-3847,58,-90,-29
652,-2960,-6938,-321,775,-4133,30,-64,-262
652,-2960,-6938,-337,-113,-3903,-4,-69,-251
652,-2960,-6938,-44,-474,-4299,-9,-78,-234
646,-2945,-6950,407,-478,-3950,54,-46,-190
646,-2945,-6950,282,-617,-4064,66,-79,-171
646,-2945,-6950,119,-667,-4025,77,-112,-159
646,-2945,-6950,259,-611,-4032,45,-114,-142
646,-2945,-6950,36,-594,-4138,51,-107,-101
646,-2945,-6950,121,75,-3968,66,-138,-86
646,-2945,-6950,99,155,-4131,39,-104,-78
646,-2945,-6950,82,264,-4095,30,-101,-90
646,-2945,-6950,-127,217,-4081,58,-105,-93
617,-2980,-6952,-223,104,-4109,36,-99,-86
617,-2980,-6952,-285,79,-4226,51,-110,-81
617,-2980,-6952,-225,-19,-4244,10,-108,-53
617,-2980,-6952,-63,-81,-4261,53,-120,-39
617,-2980,-6952,-107,199,-4495,51,-137,2
617,-2980,-6952,-151,295,-4813,23,-152,5
617,-2980,-6952,-87,185,-4416,12,-166,0
617,-2980,-6952,87,157,-4148,57,-188,-5
617,-2980,-6952,-230,-9,-3798,39,-182,4
617,-2980,-6981,-4,-86,-3860,48,-175,15
634,-2965,-6981,60,-140,-3736,52,-167,27
634,-2965,-6981,-71,-89,-3813,28,-140,50
634,-2965,-6981,4,36,-3976,42,-140,77
634,-2965,-6981,-8,44,-3593,36,-145,83
634,-2965,-6981,-145,211,-4312,37,-144,86
634,-2965,-6981,-105,147,-4238,51,-147,90
634,-2965,-6981,57,493,-4554,10,-129,77
634,-2965,-6981,45,409,-4412,25,-151,78
634,-2965,-6981,-5,283,-4480,54,-180,77
670,-2945,-6956,-22,200,-4506,21,-191,91
670,-2945,-6956,-6,74,-4338,11,-213,117
670,-2945,-6956,-118,56,-4417,52,-231,136
670,-2945,-6956,-175,-123,-4370,34,-214,143
670,-2945,-6956,-186,-10,-4257,28,-241,161
670,-2945,-6956,-241,-243,-4072,36,-230,183
670,-2945,-6956,-200,-204,-3897,29,-234,202
670,-2945,-6956,-196,-30,-3843,28,-233,207
670,-2945,-6956,-6,20,-4088,20,-237,204
704,-2981,-6929,-35,-237,-4060,37,-236,203
704,-2981,-6929,15,58,-3937,5,-235,216
704,-2981,-6929,-45,25,-4036,11,-235,228
704,-2981,-6929,21,1,-3922,53,-229,225
704,-2981,-6929,-108,61,-4091,31,-228,242
704,-2981,-6929,-27,127,-4037,34,-235,237
704,-2981,-6929,-52,94,-4060,54,-234,240
704,-2981,-6929,-62,144,-4065,30,-237,256
704,-2981,-6929,168,278,-4119,68,-220,254
720,-2911,-6923,106,644,-3937,51,-219,255
720,-2911,-6923,-120,298,-4394,43,-263,262
720,-2911,-6923,224,604,-4303,59,-227,260
720,-2911,-6923,56,568,-4051,35,-250,502
720,-2911,-6923,160,414,-4039,36,-265,243
720,-2911,-6923,332,794,-3891,31,-266,242
720,-2911,-6923,279,713,-3936,26,-268,222
720,-2911,-6923,158,622,-4025,53,-274,245
720,-2911,-6923,0,564,-4220,23,-287,252
747,-2898,-6987,27,371,-4081,22,-286,273
747,-2898,-6987,-247,-177,-3830,32,-259,299
747,-2898,-6987,-321,-297,-3676,62,-270,362
747,-2898,-6987,-323,-439,-3832,49,-277,412
747,-2898,-6987,-244,-268,-3655,59,-253,464
747,-2898,-6987,-110,-144,-3714,58,-249,533
747,-2898,-6987,231,-19,-4062,83,-264,556
747,-2898,-6987,-16,-44,-4241,69,-265,615
747,-2898,-6987,-35,11,-4427,76,-273,661
772,-2823,-7008,43,-6,-4081,82,-271,693
772,-2823,-7008,14,-104,-3930,74,-293,753
772,-2823,-7008,-221,-273,-3866,69,-287,801
772,-2823,-7008,-37,-146,-4048,74,-264,861
772,-2823,-7008,-190,130,-4187,107,-281,887
772,-2823,-7008,-242,-162,-3964,87,-282,939
772,-2823,-7008,-127,-199,-3985,91,-282,996
772,-2823,-7008,2,-234,-3919,103,-289,1038
772,-2823,-7008,77,113,-3724,115,-271,1085
930,-2689,-7055,106,348,-3737,93,-246,1099
930,-2689,-7055,131,427,-4012,138,-270,1130
930,-2689,-7055,319,337,-4444,139,-260,1140
930,-2689,-7055,394,648,-4170,134,-233,1137
930,-2689,-7055,156,542,-3966,103,-239,1141
930,-2689,-7055,128,284,-3904,131,-272,1133
930,-2689,-7055,46,362,-4144,114,-259,1132
930,-2689,-7055,98,372,-4224,108,-258,1120
930,-2689,-7055,-242,535,-4282,120,-264,1130
1011,-2507,-7088,-94,446,-4287,118,-270,1117
1011,-2507,-7088,3,793,-4422,114,-279,1083
1011,-2507,-7088,89,757,-4160,117,-293,1045
1011,-2507,-7088,55,705,-4359,109,-297,1005
1011,-2507,-7088,120,676,-4013,83,-288,963
1011,-2507,-7088,120,672,-3771,101,-274,913
1011,-2507,-7088,77,581,-3771,121,-268,869
1011,-2507,-7088,36,598,-3695,117,-257,816
1011,-2507,-7088,223,623,-3915,122,-234,763
1098,-2347,-7117,43,689,-4028,119,-228,716
1098,-2347,-7117,-19,553,-4074,101,-234,700
1098,-2347,-7117,25,677,-4209,96,-230,692
1098,-2347,-7117,-143,579,-4259,87,-229,659
1098,-2347,-7117,-28,672,-4424,101,-233,633
1098,-2347,-7117,-95,615,-4373,88,-229,617
1098,-2347,-7117,-168,744,-4094,72,-241,598
1098,-2347,-7117,-186,661,-4103,96,-251,570
1098,-2347,-7117,-175,697,-4435,62,-270,545
1100,-2201,-7133,-132,541,-4440,62,-276,524
1100,-2201,-7133,4,764,-4264,62,-269,517
1100,-2201,-7133,-156,486,-4039,64,-287,509
1100,-2201,-7133,-142,496,-3907,58,-287,496
1100,-2201,-7133,-251,269,-3697,74,-273,490
1100,-2201,-7133,-297,623,-3834,67,-261,487
1100,-2201,-7133,-378,698,-3704,94,-250,472
1100,-2201,-7133,-364,666,-3355,97,-225,448
1100,-2201,-7133,-402,672,-3231,81,-202,454
1123,-2099,-7207,-392,758,-3221,116,-169,478
1123,-2099,-7207,-492,856,-3220,109,-146,478
1123,-2099,-7207,-533,883,-3417,104,-108,475
1123,-2099,-7207,-561,755,-3447,109,-84,473
1123,-2099,-7207,-448,658,-3612,119,-69,479
1123,-2099,-7207,-458,552,-3935,110,-65,488
1123,-2099,-7207,-531,537,-4061,115,-72,493
1123,-2099,-7207,-478,604,-4253,128,-84,518
1123,-2099,-7207,-423,707,-4205,110,-86,540
1179,-1960,-7197,-366,683,-4046,105,-86,531
1179,-1960,-7197,-419,638,-4074,118,-91,545
1179,-1960,-7197,-344,710,-3757,125,-102,549
1179,-1960,-7197,-354,444,-4112,120,-111,581
1179,-1960,-7197,-405,531,-4026,126,-98,583
1179,-1960,-7197,-387,383,-4188,104,-101,628
1179,-1960,-7197,-295,15,-4039,125,-118,674
1179,-1960,-7197,-424,118,-3962,119,-118,718
1179,-1960,-7197,-401,505,-4488,119,-122,741
1186,-1851,-7195,-463,415,-4114,120,-150,754
1186,-1851,-7195,-286,444,-4496,120,-164,791
1186,-1851,-7195,-418,276,-4194,112,-210,816
1186,-1851,-7195,-287,507,-4278,89,-186,843
1186,-1851,-7195,-283,419,-4239,121,-187,872
1186,-1851,-7195,-491,333,-4295,113,-188,872
1186,-1851,-7195,-641,65,-4188,116,-189,909
1186,-1851,-7195,-583,135,-4063,124,-205,944
1186,-1851,-7195,-398,83,-4134,128,-236,959
1207,-1674,-7226,19,435,-4002,333,-333,978
1207,-1674,-7226,-240,56,-3843,510,-416,981
1207,-1674,-7226,-595,-106,-6813,304,-368,995
1207,-1674,-7226,334,998,-4626,460,-340,970
1207,-1674,-7226,-653,1089,-5659,703,-463,880
1207,-1674,-7226,438,616,-4785,633,-610,809
1207,-1674,-7226,-641,133,-3883,753,-553,839
1207,-1674,-7226,281,-317,-4434,785,-492,910
1207,-1674,-7226,-88,430,-3952,888,-457,889
1140,-1322,-7260,122,400,-2742,971,-428,839
1140,-1322,-7260,-346,-244,-3855,1035,-456,790
1140,-1322,-7260,-69,193,-3487,1117,-461,776
1140,-1322,-7260,96,-71,-3925,1169,-410,729
1140,-1322,-7260,-528,-204,-3515,1147,-416,670
1140,-1322,-7260,-348,-194,-3755,1069,-360,647
1140,-1322,-7260,-127,-281,-4409,934,-218,623
1140,-1322,-7260,-1026,489,-2222,623,93,493
1140,-1322,-7260,-2125,247,-3340,278,254,409
1074,-881,-7265,-2587,309,-4398,-9,165,496
1074,-881,-7265,-1561,-35,-5417,-395,347,338
1074,-881,-7265,-2164,-686,-3722,-664,459,385
1074,-881,-7265,-2416,-1778,-4731,-843,488,360
1074,-881,-7265,-1557,367,-4863,-1020,525,409
1074,-881,-7265,-2139,207,-4349,-1048,543,392
1074,-881,-7265,-1955,544,-3868,-1128,565,381
1074,-881,-7265,-2090,524,-3598,-1168,564,338
1074,-881,-7265,-1487,83,-3561,-1178,577,311
1215,-1100,-7218,-1247,-227,-3858,-1114,610,344
1215,-1100,-7218,-993,-323,-2985,-1072,612,329
1215,-1100,-7218,-432,-378,-3279,-917,544,285
1215,-1100,-7218,-504,-32,-3116,-719,487,241
1215,-1100,-7218,750,-49,-3603,-452,458,186
1215,-1100,-7218,249,-137,-4751,-132,270,169
1215,-1100,-7218,801,193,-4948,165,53,84
1215,-1100,-7218,1003,149,-4813,432,-63,22
1215,-1100,-7218,967,-197,-4470,616,-183,30
1374,-1198,-7157,780,-188,-4391,675,-197,64
1374,-1198,-7157,668,-163,-4410,769,-220,78
1374,-1198,-7157,644,-868,-4573,834,-292,71
1374,-1198,-7157,1868,-10820,-14900,-442,-930,-76
1374,-1198,-7157,-604,5150,-12108,-332,-299,-208
1374,-1198,-7157,2081,1625,-10415,71,-267,-318
1374,-1198,-7157,1790,-890,-1236,139,-282,24
1374,-1198,-7157,-505,2957,-5155,-266,145,166
1374,-1198,-7157,2306,3290,-7260,162,-614,42
1309,-1069,-7204,751,-1249,-4702,43,-364,-136
1309,-1069,-7204,1552,1418,-2796,-4,-118,-350
1309,-1069,-7204,-820,346,-4410,-6,-244,-391
1309,-1069,-7204,949,627,-3588,-8,-209,-110
1309,-1069,-7204,15,175,-4686,-6,-173,-99
1309,-1069,-7204,66,414,-3745,35,-108,-257
1309,-1069,-7204,-2,332,-3117,17,-132,-283
1309,-1069,-7204,-59,-7,-3172,70,-114,-305
1309,-1069,-7204,188,256,-3699,2,-99,-322
1283,-1113,-7188,-10,622,-4583,45,-90,-350
1283,-1113,-7188,54,422,-4351,73,-7,-326
1283,-1113,-7188,-34,72,-3747,69,8,-312
1283,-1113,-7188,-42,272,-4064,51,-67,-321
1283,-1113,-7188,-47,293,-3773,33,-46,-313
1283,-1113,-7188,101,435,-3795,70,-3,-298
1283,-1113,-7188,66,410,-3398,82,33,-305
1283,-1113,-7188,22,534,-3411,85,20,-327
1283,-1113,-7188,102,522,-3123,108,57,-340
1301,-1140,-7141,210,348,-2975,107,103,-349
1301,-1140,-7141,867,-4607,-32749,-31,-1481,357
1301,-1140,-7141,382,1562,-3937,561,1005,236
1301,-1140,-7141,-464,-250,-4945,197,-101,177
1301,-1140,-7141,-180,166,-3545,-191,-182,-22
1301,-1140,-7141,-245,517,-5601,90,14,-218
1301,-1140,-7141,748,702,-5161,49,-95,-293
1301,-1140,-7141,-217,-99,-3669,39,-133,202
1301,-1140,-7141,519,-17,-3445,16,-121,-21
1372,-1148,-7201,-82,96,-4211,51,-112,-224
1372,-1148,-7201,217,543,-3263,41,-105,-76
1372,-1148,-7201,-85,159,-4412,39,-110,-108
1372,-1148,-7201,15,383,-3630,36,-115,-122
1372,-1148,-7201,40,156,-4378,48,-106,-80
1372,-1148,-7201,-18,338,-3795,50,-103,-89
1372,-1148,-7201,-19,229,-4275,36,-89,-97
1372,-1148,-7201,92,348,-3917,53,-116,-102
1372,-1148,-7201,-16,306,-4092,35,-93,-87
1349,-1142,-7185,-10,268,-4052,49,-98,-105
1349,-1142,-7185,46,298,-4082,58,-110,-110
1349,-1142,-7185,147,307,-4061,48,-115,-119
1349,-1142,-7185,87,333,-4071,31,-116,-111
1349,-1142,-7185,64,244,-3962,47,-108,-117
1349,-1142,-7185,-80,242,-4073,40,-108,-124
1349,-1142,-7185,-22,262,-4100,36,-106,-100
1349,-1142,-7185,24,300,-4059,33,-108,-110
1349,-1142,-7185,215,329,-4170,29,-49,-104
1352,-1184,-7177,115,95,-3920,65,-108,-127
1352,-1184,-7177,63,182,-3963,29,-123,-129
1352,-1184,-7177,-37,231,-4057,64,-114,-127
1352,-1184,-7177,62,300,-4048,41,-110,-127
1352,-1184,-7177,-54,288,-4333,46,-115,-102
1352,-1184,-7177,33,329,-4059,55,-116,-109
1352,-1184,-7177,59,309,-3877,49,-110,-108
1352,-1184,-7177,96,268,-4047,56,-116,-107
1352,-1184,-7177,105,261,-4074,47,-110,-102
1352,-1184,-7177,74,234,-4042,37,-103,-98
1364,-1163,-7182,-24,68,-4015,51,-113,-83
1364,-1163,-7182,266,786,-3644,68,-113,-146
1364,-1163,-7182,-108,120,-4074,46,-116,-128
1364,-1163,-7182,90,585,-4003,65,-128,-131
1364,-1163,-7182,49,153,-4124,38,-105,-102
1364,-1163,-7182,45,347,-4045,50,-119,-104
1364,-1163,-7182,41,200,-3988,40,-110,-114
1364,-1163,-7182,143,355,-4051,43,-123,-118
1300,-1158,-7214,37,217,-4073,31,-110,-115
1300,-1158,-7214,-9,319,-4041,41,-115,-119
1300,-1158,-7214,-29,255,-4037,38,-101,-119
1300,-1158,-7214,69,329,-4135,18,-109,-116
1300,-1158,-7214,79,308,-4011,38,-102,-106
1300,-1158,-7214,79,229,-3995,69,-110,-111
1300,-1158,-7214,75,189,-4110,59,-100,-103
1300,-1158,-7214,53,211,-4079,54,-113,-107
1300,-1158,-7214,-4,308,-4046,53,-110,-102
1353,-1142,-7188,35,271,-4054,65,-103,-97
1353,-1142,-7188,36,296,-3972,44,-99,-99
1353,-1142,-7188,35,191,-4059,41,-108,-107
1353,-1142,-7188,63,224,-4151,34,-105,-115
1353,-1142,-7188,61,219,-4080,30,-108,-125
1353,-1142,-7188,64,274,-4007,34,-103,-96
1353,-1142,-7188,40,224,-4164,43,-105,-104
1353,-1142,-7188,30,253,-3956,49,-109,-119
1353,-1142,-7188,-12,228,-4132,46,-103,-117
1320,-1179,-7124,120,282,-4068,49,-111,-105
1320,-1179,-7124,80,266,-4079,13,-117,-89
1320,-1179,-7124,75,265,-4091,32,-117,-88
1320,-1179,-7124,23,195,-4061,43,-113,-99
1320,-1179,-7124,37,243,-4048,51,-106,-109
1320,-1179,-7124,90,306,-4067,47,-109,-116
1320,-1179,-7124,40,254,-4020,54,-111,-121
1320,-1179,-7124,-41,325,-4065,49,-112,-129
1320,-1179,-7124,2,240,-4066,53,-120,-128
1353,-1185,-7162,45,245,-4099,40,-104,-95
1353,-1185,-7162,77,293,-4198,53,-89,-99
1353,-1185,-7162,77,265,-4081,40,-111,-102
1353,-1185,-7162,33,297,-4065,20,-109,-106
1353,-1185,-7162,11,269,-3977,34,-110,-109
1353,-1185,-7162,-7,260,-4133,35,-108,-97
1353,-1185,-7162,30,280,-4102,34,-114,-105
1353,-1185,-7162,72,277,-4143,43,-107,-114
1353,-1185,-7162,64,214,-4183,43,-108,-109
1353,-1185,-7159,48,280,-4077,54,-102,-103
1341,-1166,-7159,75,309,-4034,31,-109,-99
1341,-1166,-7159,52,336,-3854,45,-109,-100
1341,-1166,-7159,26,304,-4053,40,-112,-104
1341,-1166,-7159,-50,510,-4059,33,-105,-98
1341,-1166,-7159,11,271,-4020,39,-106,-106
1341,-1166,-7159,32,269,-4052,56,-102,-106
1341,-1166,-7159,84,258,-4109,49,-110,-106
1341,-1166,-7159,118,288,-4081,53,-109,-118
1341,-1166,-7159,47,285,-4089,50,-116,-117
1324,-1184,-7172,10,298,-4021,46,-113,-125
1324,-1184,-7172,39,315,-4064,44,-108,-132
1324,-1184,-7172,-6,272,-4001,33,-115,-117
1324,-1184,-7172,21,271,-4008,43,-104,-124
1324,-1184,-7172,-77,205,-4127,44,-126,-121
1324,-1184,-7172,91,223,-4027,60,-104,-132
1324,-1184,-7172,87,291,-4060,49,-107,-103
1324,-1184,-7172,45,315,-4028,50,-103,-105
1324,-1184,-7172,18,274,-4024,26,-119,-119
1338,-1161,-7169,15,509,-4062,28,-109,-111
1338,-1161,-7169,43,5,-4075,24,-115,-126
1338,-1161,-7169,32,502,-4083,47,-106,-112
1338,-1161,-7169,31,491,-4094,36,-108,-112
1338,-1161,-7169,64,246,-4060,40,-110,-113
1338,-1161,-7169,73,255,-4067,41,-106,-119
1338,-1161,-7169,69,352,-4020,44,-114,-117
1338,-1161,-7169,81,315,-4062,40,-114,-120
1338,-1161,-7169,7,273,-4078,44,-109,-111
1362,-1143,-7180,49,259,-4093,40,-107,-118
1362,-1143,-7180,27,251,-4057,35,-112,-127
1362,-1143,-7180,65,249,-4061,38,-113,-121
1362,-1143,-7180,76,256,-4067,39,-114,-136
1362,-1143,-7180,61,299,-4059,44,-112,-124
1362,-1143,-7180,60,282,-4040,47,-110,-89
1362,-1143,-7180,42,242,-4013,40,-99,-97
1362,-1143,-7180,44,238,-4030,44,-118,-89
1362,-1143,-7180,39,291,-4094,41,-95,-90
1349,-1151,-7168,13,263,-4040,53,-111,-96
1349,-1151,-7168,31,279,-4070,49,-117,-102
1349,-1151,-7168,34,270,-4095,35,-114,-117
1349,-1151,-7168,89,275,-4105,20,-115,-111
1349,-1151,-7168,85,5,-4145,37,-115,-114
1349,-1151,-7168,76,262,-4056,48,-103,-105
1349,-1151,-7168,45,233,-4033,35,-102,-102
1349,-1151,-7168,74,258,-4087,52,-108,-105
1349,-1151,-7168,51,277,-4052,50,-104,-112
1367,-1171,-7175,28,490,-4245,35,-129,-115
1367,-1171,-7175,66,290,-3993,51,-114,-127
1367,-1171,-7175,-7,213,-4010,35,-113,-125
1367,-1171,-7175,90,166,-4101,63,-117,-126
1367,-1171,-7175,75,287,-4020,53,-107,-127
1367,-1171,-7175,83,263,-4054,40,-110,-111
1367,-1171,-7175,87,271,-4173,71,-103,-97
1367,-1171,-7175,36,312,-4094,39,-111,-112
1367,-1171,-7175,62,261,-4143,68,-116,-113
1361,-1156,-7180,63,291,-4096,45,-104,-113
1361,-1156,-7180,40,192,-4090,54,-112,-119
1361,-1156,-7180,-7,251,-4041,35,-96,-122
1361,-1156,-7180,24,254,-4317,45,-106,-124
1361,-1156,-7180,21,335,-4004,45,-104,-103
1361,-1156,-7180,68,308,-4045,42,-110,-106
1361,-1156,-7180,85,328,-4057,55,-102,-103
1361,-1156,-7180,43,188,-4068,44,-108,-121
1361,-1156,-7180,-215,252,-4005,36,-112,-120
1350,-1138,-7139,-12,248,-4045,47,-108,-123
1350,-1138,-7139,42,316,-3854,43,-113,-102
1350,-1138,-7139,22,288,-4054,43,-102,-101
1350,-1138,-7139,13,289,-4059,56,-116,-106
1350,-1138,-7139,38,279,-4070,47,-115,-119
1350,-1138,-7139,71,274,-4051,50,-115,-126
1350,-1138,-7139,90,260,-4074,44,-116,-128
1350,-1138,-7139,83,259,-4091,61,-109,-120
1350,-1138,-7139,-15,221,-3984,39,-104,-126
1357,-1177,-7163,23,283,-4045,55,-108,-101
1357,-1177,-7163,45,293,-4327,39,-107,-101
1357,-1177,-7163,64,308,-4097,49,-108,-108
1357,-1177,-7163,49,312,-4105,46,-113,-107
1357,-1177,-7163,57,243,-4060,46,-102,-104
1357,-1177,-7163,34,256,-4030,46,-102,-118
1357,-1177,-7163,1,237,-4062,35,-119,-128
1357,-1177,-7163,6,258,-4033,55,-110,-86
1357,-1177,-7163,35,261,-4072,53,-116,-113
1346,-1168,-7134,29,273,-4076,18,-105,-100
1346,-1168,-7134,52,260,-4101,39,-106,-99
1346,-1168,-7134,68,269,-4095,65,-106,-113
1346,-1168,-7134,26,200,-4088,36,-110,-115
1346,-1168,-7134,24,244,-4065,56,-106,-119
1346,-1168,-7134,62,270,-4099,39,-105,-107
1346,-1168,-7134,20,280,-4052,44,-109,-110
1346,-1168,-7134,61,305,-4035,26,-102,-95
1346,-1168,-7134,21,277,-4086,51,-111,-109
1377,-1165,-7129,29,286,-4091,57,-108,-105
1377,-1165,-7129,39,270,-4103,53,-111,-114
1377,-1165,-7129,44,236,-4031,43,-108,-112
1377,-1165,-7129,54,286,-4072,31,-107,-114
1377,-1165,-7129,38,276,-4052,45,-99,-111
1377,-1165,-7129,38,280,-4013,36,-118,-114
1377,-1165,-7129,22,262,-4085,25,-110,-107
1377,-1165,-7129,44,266,-4068,40,-115,-112
1377,-1165,-7129,29,254,-4018,47,-108,-111
1385,-1146,-7125,17,260,-4137,49,-112,-114
1385,-1146,-7125,67,235,-4045,44,-112,-119
1385,-1146,-7125,-1,277,-4056,45,-107,-112
1385,-1146,-7125,76,292,-4038,42,-110,-104
1385,-1146,-7125,31,253,-4056,56,-102,-123
1385,-1146,-7125,22,266,-4033,30,-107,-110
1385,-1146,-7125,11,271,-4064,53,-99,-104
1385,-1146,-7125,41,245,-3986,10,-105,-102
1385,-1146,-7125,47,265,-4048,28,-106,-107
1367,-1170,-7120,30,256,-4071,41,-114,-107
1367,-1170,-7120,24,224,-3992,53,-109,-121
1367,-1170,-7120,42,274,-4039,46,-118,-141
1367,-1170,-7120,44,293,-4028,48,-113,-133
1367,-1170,-7120,11,225,-4071,53,-107,-119
1367,-1170,-7120,36,212,-4041,37,-114,-108
1367,-1170,-7120,17,263,-4078,38,-114,-119
1367,-1170,-7120,16,230,-4036,42,-110,-115
1367,-1170,-7120,22,260,-4007,51,-106,-114
1347,-1146,-7153,58,280,-4070,60,-109,-96
1347,-1146,-7153,49,277,-4066,49,-101,-91
1347,-1146,-7153,39,249,-4053,17,-110,-99
1347,-1146,-7153,14,510,-4102,36,-114,-106
1347,-1146,-7153,12,12,-4116,55,-108,-107
1347,-1146,-7153,46,262,-4059,35,-111,-118
1347,-1146,-7153,-13,263,-3850,38,-110,-108
1347,-1146,-7153,46,332,-4119,51,-112,-112
1347,-1146,-7153,25,223,-4085,34,-109,-106
1334,-1132,-7181,42,308,-4069,29,-103,-123
1334,-1132,-7181,28,225,-3970,50,-114,-119
1334,-1132,-7181,54,273,-4081,39,-114,-124
1334,-1132,-7181,15,253,-3990,77,-116,-141
1334,-1132,-7181,12,290,-4087,39,-106,-103
1334,-1132,-7181,64,294,-3862,21,-115,-102
1334,-1132,-7181,45,5,-4046,42,-115,-113
1334,-1132,-7181,46,8,-4074,35,-111,-114
1334,-1132,-7181,33,261,-4038,49,-110,-117
1385,-1137,-7111,38,255,-4123,39,-115,-122
1385,-1137,-7111,87,307,-4081,34,-114,-117
1385,-1137,-7111,-2,268,-4032,52,-108,-113
1385,-1137,-7111,50,262,-4046,63,-112,-116
1385,-1137,-7111,41,249,-4048,49,-106,-103
1385,-1137,-7111,68,274,-4038,49,-107,-105
1385,-1137,-7111,56,310,-4053,61,-110,-116
1385,-1137,-7111,33,233,-4004,48,-108,-119
1385,-1137,-7111,19,257,-3995,47,-110,-124
1356,-1124,-7149,74,266,-4097,29,-103,-130
1356,-1124,-7149,58,238,-4065,35,-115,-93
1356,-1124,-7149,51,267,-4067,47,-110,-89
1356,-1124,-7149,55,493,-4093,40,-112,-103
1356,-1124,-7149,44,262,-4072,27,-106,-120
1356,-1124,-7149,24,239,-3991,70,-113,-128
1356,-1124,-7149,-249,274,-4023,40,-113,-131
1356,-1124,-7149,41,245,-4019,48,-122,-136
1356,-1124,-7149,2,272,-4077,28,-108,-97
1356,-1124,-7148,53,261,-4282,57,-125,-87
1379,-1159,-7148,52,270,-4095,28,-109,-100
1379,-1159,-7148,53,267,-4074,34,-110,-107
1379,-1159,-7148,33,507,-4058,26,-113,-116
1379,-1159,-7148,38,275,-4039,31,-113,-116
1379,-1159,-7148,54,264,-4079,26,-106,-120
1379,-1159,-7148,26,264,-4021,46,-107,-118
1379,-1159,-7148,58,256,-4060,32,-111,-110
1379,-1159,-7148,41,267,-4079,42,-106,-111
1379,-1159,-7148,34,248,-4061,30,-113,-110
1370,-1124,-7151,25,239,-4064,35,-106,-111
1370,-1124,-7151,34,500,-4046,26,-115,-117
1370,-1124,-7151,27,263,-4139,66,-110,-121
1370,-1124,-7151,-241,286,-4077,15,-113,-114
1370,-1124,-7151,65,287,-4074,34,-107,-125
1370,-1124,-7151,76,286,-4065,39,-114,-125
1370,-1124,-7151,70,284,-4089,56,-123,-101
1370,-1124,-7151,46,256,-4042,50,-117,-104
1370,-1124,-7151,49,269,-4091,36,-106,-102
1366,-1099,-7216,34,256,-4066,51,-101,-104
1366,-1099,-7216,52,267,-4003,43,-110,-99
1366,-1099,-7216,53,266,-4018,52,-111,-112
1366,-1099,-7216,52,258,-4150,26,-110,-115
1366,-1099,-7216,69,269,-4043,50,-117,-109
1366,-1099,-7216,38,244,-4062,33,-99,-100
1366,-1099,-7216,39,1,-4049,42,-101,-112
1366,-1099,-7216,42,244,-3994,43,-115,-122
1366,-1099,-7216,13,261,-4039,44,-115,-131
1376,-1158,-7150,20,240,-4082,48,-120,-109
1376,-1158,-7150,31,257,-4044,46,-117,-122
1376,-1158,-7150,38,498,-4081,46,-114,-113
1376,-1158,-7150,34,232,-4062,39,-111,-117
1376,-1158,-7150,63,252,-4081,66,-111,-116
1376,-1158,-7150,33,262,-4100,44,-109,-119
1376,-1158,-7150,59,275,-4030,35,-111,-111
1376,-1158,-7150,31,261,-4071,51,-115,-112
1376,-1158,-7150,26,252,-4319,58,-112,-97
1370,-1144,-7169,44,278,-4031,57,-106,-92
1370,-1144,-7169,43,253,-4114,39,-104,-111
1370,-1144,-7169,37,3,-4017,37,-115,-109
1370,-1144,-7169,30,274,-4034,46,-115,-121
1370,-1144,-7169,31,243,-4101,51,-108,-131
1370,-1144,-7169,48,217,-4018,38,-112,-132
1370,-1144,-7169,47,303,-4083,52,-116,-135
1370,-1144,-7169,47,275,-4058,41,-108,-118
1370,-1144,-7169,53,251,-4089,25,-107,-105
1386,-1186,-7196,76,266,-4018,35,-101,-103
1386,-1186,-7196,46,256,-4087,31,-109,-96
1386,-1186,-7196,32,262,-4065,35,-104,-100
1386,-1186,-7196,56,278,-4103,43,-104,-105
1386,-1186,-7196,52,228,-4049,37,-107,-114
1386,-1186,-7196,64,277,-4079,62,-114,-115
1386,-1186,-7196,48,250,-4056,45,-106,-118
1386,-1186,-7196,41,258,-4039,46,-113,-119
1386,-1186,-7196,53,243,-4067,49,-111,-123
1379,-1165,-7133,42,282,-4059,50,-119,-104
1379,-1165,-7133,47,267,-4056,41,-106,-98
1379,-1165,-7133,40,504,-4028,39,-115,-119
1379,-1165,-7133,65,501,-4027,44,-110,-120
1379,-1165,-7133,50,267,-4029,55,-112,-116
1379,-1165,-7133,-226,270,-4002,46,-113,-115
1379,-1165,-7133,58,242,-4064,39,-114,-127
1379,-1165,-7133,51,271,-4035,44,-107,-115
1379,-1165,-7133,50,256,-4068,57,-114,-132
1355,-1161,-7154,93,253,-4075,56,-113,-109
1355,-1161,-7154,40,268,-4053,61,-116,-102
1355,-1161,-7154,72,270,-4087,43,-110,-108
1355,-1161,-7154,60,254,-4070,34,-107,-94
1355,-1161,-7154,47,247,-4085,60,-105,-92
1355,-1161,-7154,43,273,-4049,63,-114,-118
1355,-1161,-7154,62,282,-4085,45,-115,-125
1355,-1161,-7154,32,260,-4083,20,-110,-111
1355,-1161,-7154,67,237,-4019,51,-119,-99
1375,-1135,-7165,26,250,-4106,44,-105,-98
1375,-1135,-7165,20,274,-4066,41,-109,-102
1375,-1135,-7165,29,5,-4079,50,-118,-116
1375,-1135,-7165,79,273,-4066,34,-110,-123
1375,-1135,-7165,13,269,-4028,50,-115,-95
1375,-1135,-7165,41,249,-4033,52,-114,-98
1375,-1135,-7165,48,270,-4046,37,-103,-108
1375,-1135,-7165,49,263,-3960,24,-113,-119
1375,-1135,-7165,32,242,-4084,43,-109,-116
1340,-1161,-7136,26,261,-4032,43,-111,-123
1340,-1161,-7136,45,249,-4087,54,-107,-122
1340,-1161,-7136,73,259,-4085,43,-104,-127
1340,-1161,-7136,43,253,-4095,42,-106,-112
1340,-1161,-7136,51,1,-4115,40,-104,-110
1340,-1161,-7136,12,240,-4065,41,-111,-119
1340,-1161,-7136,32,234,-4063,52,-108,-118
1340,-1161,-7136,36,235,-4010,45,-106,-120
1340,-1161,-7136,24,278,-4008,42,-106,-119
1370,-1146,-7119,34,236,-4035,43,-108,-120
1370,-1146,-7119,16,246,-4044,43,-114,-115
1370,-1146,-7119,24,268,-4088,40,-101,-100
1370,-1146,-7119,21,263,-4064,45,-100,-99
1370,-1146,-7119,37,257,-4112,55,-114,-97
1370,-1146,-7119,36,274,-4017,63,-116,-102
1370,-1146,-7119,27,299,-4071,30,-120,-126
1370,-1146,-7119,31,267,-4076,48,-111,-135
1370,-1146,-7119,80,296,-4046,56,-121,-147
1366,-1142,-7181,81,267,-4083,36,-117,-105
1366,-1142,-7181,14,276,-4056,65,-108,-123
1366,-1142,-7181,36,266,-4070,43,-106,-125
1366,-1142,-7181,24,238,-4089,41,-102,-120
1366,-1142,-7181,61,263,-4078,57,-107,-119
1366,-1142,-7181,28,283,-4140,69,-115,-126
1366,-1142,-7181,41,235,-4051,56,-111,-119
1366,-1142,-7181,68,290,-4074,47,-112,-112
1366,-1142,-7181,61,275,-4079,37,-108,-122
1397,-1151,-7158,28,248,-4052,48,-113,-99
1397,-1151,-7158,16,262,-4079,47,-102,-96
1397,-1151,-7158,23,283,-4046,64,-110,-99
1397,-1151,-7158,44,304,-4037,48,-109,-99
1397,-1151,-7158,35,262,-4099,64,-115,-104
1397,-1151,-7158,12,272,-4056,44,-112,-113
1397,-1151,-7158,41,261,-4068,34,-104,-101
1397,-1151,-7158,60,258,-4024,36,-105,-114
1397,-1151,-7158,21,509,-4127,49,-110,-101
1349,-1136,-7148,49,246,-4119,48,-112,-115
1349,-1136,-7148,42,309,-4068,59,-106,-121
1349,-1136,-7148,32,230,-3963,61,-106,-126
1349,-1136,-7148,59,269,-4089,50,-109,-127
1349,-1136,-7148,62,284,-4068,36,-113,-120
1349,-1136,-7148,64,258,-4031,43,-103,-113
1349,-1136,-7148,26,246,-4027,31,-100,-105
1349,-1136,-7148,24,250,-4037,34,-106,-95
1349,-1136,-7148,56,272,-4324,23,-116,-86
1369,-1144,-7107,51,277,-4082,46,-109,-89
1369,-1144,-7107,47,249,-4034,29,-118,-99
1369,-1144,-7107,63,509,-4014,54,-114,-112
1369,-1144,-7107,33,244,-4122,38,-107,-116
1369,-1144,-7107,53,275,-4111,59,-113,-129
1369,-1144,-7107,13,249,-4057,47,-108,-129
1369,-1144,-7107,70,254,-4099,40,-106,-135
1369,-1144,-7107,51,275,-4064,48,-111,-123
1369,-1144,-7107,64,284,-4095,50,-111,-99
1353,-1149,-7100,32,270,-4040,50,-106,-96
1353,-1149,-7100,-113,217,-3981,42,-112,-100
1353,-1149,-7100,-61,181,-3973,20,-103,-84
1353,-1149,-7100,119,173,-3987,24,-104,-90
1353,-1149,-7100,105,247,-4043,45,-109,-103
1353,-1149,-7100,82,195,-4102,50,-105,-105
1353,-1149,-7100,78,206,-4047,56,-111,-110
1353,-1149,-7100,-4,178,-4008,52,-117,-100
1353,-1149,-7100,20,250,-4009,43,-108,-93
1392,-1129,-7118,-426,276,-4179,33,-120,-50
1392,-1129,-7118,-263,-51,-3954,71,-120,-55
1392,-1129,-7118,-32,-50,-3882,38,-128,-55
1392,-1129,-7118,97,143,-3925,40,-109,-65
1392,-1129,-7118,42,142,-4060,29,-109,-56
1392,-1129,-7118,137,299,-4091,49,-115,-58
1392,-1129,-7118,82,141,-3855,52,-121,-64
1392,-1129,-7118,36,172,-4010,56,-109,-51
1392,-1129,-7118,108,276,-4007,49,-116,-70
1365,-1128,-7151,-33,353,-4035,45,-112,-55
1365,-1128,-7151,-20,336,-4078,36,-122,-49
1365,-1128,-7151,-26,332,-4018,27,-116,-50
1365,-1128,-7151,-25,252,-4033,42,-109,-51
1365,-1128,-7151,29,151,-4072,55,-117,-54
1365,-1128,-7151,-150,480,-4231,32,-104,-58
1365,-1128,-7151,-69,227,-4312,82,-103,-45
1365,-1128,-7151,-216,212,-3890,33,-102,-32
1365,-1128,-7151,-248,196,-4355,61,-104,-24
1354,-1120,-7145,-202,168,-3969,69,-119,5
1354,-1120,-7145,-154,108,-4182,50,-136,22
1354,-1120,-7145,-197,41,-4174,35,-161,20
1354,-1120,-7145,-196,82,-4866,24,-164,40
1354,-1120,-7145,-215,-35,-4593,47,-195,50
1354,-1120,-7145,-213,-147,-4719,39,-228,62
1354,-1120,-7145,-261,-220,-4789,38,-253,83
1354,-1120,-7145,-288,-514,-4611,33,-284,126
1354,-1120,-7145,-362,-632,-4435,-5,-299,162
1313,-1102,-7136,-397,-769,-4517,35,-313,240
1313,-1102,-7136,-408,-938,-4546,-232,-329,295
1313,-1102,-7136,-417,-1045,-4399,1,-347,359
1313,-1102,-7136,-486,-986,-4359,3,-357,417
1313,-1102,-7136,-469,-955,-4528,12,-375,490
1313,-1102,-7136,-463,-857,-4110,19,-397,548
1313,-1102,-7136,-452,-1026,-4254,34,-404,629
1313,-1102,-7136,-368,-842,-3978,30,-408,683
1313,-1102,-7136,-342,-635,-4196,1,-413,741
1209,-1061,-7186,-405,-918,-3954,40,-420,807
1209,-1061,-7186,-250,-780,-4055,24,-424,871
1209,-1061,-7186,-321,-651,-4120,36,-425,925
1209,-1061,-7186,-1,-585,-4054,29,-444,1008
1209,-1061,-7186,-119,-281,-3828,69,-433,1060
1209,-1061,-7186,-50,-242,-3699,74,-440,1093
1209,-1061,-7186,227,59,-3700,30,-424,1126
1209,-1061,-7186,213,183,-3827,87,-439,1146
1209,-1061,-7186,302,126,-3721,80,-420,1161
1209,-1061,-7186,127,373,-3967,99,-420,1162
983,-906,-7288,268,430,-3987,95,-417,1205
983,-906,-7288,235,253,-4085,118,-420,1220
983,-906,-7288,104,74,-3855,96,-393,1233
983,-906,-7288,124,152,-3725,81,-402,1240
983,-906,-7288,116,412,-3875,127,-393,1253
983,-906,-7288,172,277,-3851,112,-387,1279
983,-906,-7288,481,465,-3923,135,-385,1303
983,-906,-7288,244,348,-4280,148,-398,1315
983,-906,-7288,355,319,-4084,158,-389,1328
804,-758,-7294,398,362,-4199,133,-402,1320
804,-758,-7294,315,169,-4091,145,-427,1335
804,-758,-7294,144,390,-3982,149,-419,1338
804,-758,-7294,129,211,-4251,163,-428,1341
804,-758,-7294,129,217,-4147,166,-426,1352
804,-758,-7294,240,172,-4286,167,-436,1362
804,-758,-7294,248,2,-4058,159,-424,1383
804,-758,-7294,226,-4,-4200,167,-440,1400
804,-758,-7294,269,143,-4321,174,-450,1410
566,-655,-7290,433,181,-4337,157,-450,1412
566,-655,-7290,427,215,-4232,197,-473,1435
566,-655,-7290,352,232,-4067,170,-467,1448
566,-655,-7290,484,246,-4066,195,-439,1448
566,-655,-7290,241,233,-3902,197,-439,1474
566,-655,-7290,213,239,-3948,194,-452,1503
566,-655,-7290,223,155,-4024,215,-456,1507
566,-655,-7290,464,218,-3847,215,-432,1509
566,-655,-7290,350,478,-3912,241,-419,1501
278,-518,-7349,194,330,-3701,219,-425,1502
278,-518,-7349,317,225,-3937,221,-407,1504
278,-518,-7349,66,344,-3871,489,-390,1512
278,-518,-7349,160,261,-4024,249,-392,1503
278,-518,-7349,183,309,-3799,255,-390,1487
278,-518,-7349,173,388,-3912,242,-378,1462
278,-518,-7349,107,545,-3620,230,-336,1444
278,-518,-7349,317,449,-3523,239,-355,1431
278,-518,-7349,-29,215,-3691,502,-330,1412
-33,-450,-7306,-79,263,-3818,506,-295,1380
-33,-450,-7306,-29,314,-3956,250,-277,1360
-33,-450,-7306,-199,592,-3869,280,-285,1317
-33,-450,-7306,-26,268,-3785,229,-278,1284
-33,-450,-7306,121,377,-3665,276,-254,1520
-33,-450,-7306,96,544,-3756,269,-220,1508
-33,-450,-7306,192,360,-3526,253,-215,1280
-33,-450,-7306,-36,254,-3742,231,-232,1254
-33,-450,-7306,-8,250,-3754,262,-200,1240
-289,-431,-7271,21,453,-3921,254,-186,1234
-289,-431,-7271,-24,102,-3984,245,-175,1234
-289,-431,-7271,-8,482,-3975,245,-160,1226
-289,-431,-7271,-32,340,-3823,487,-129,1216
-289,-431,-7271,-64,272,-3857,474,-155,1195
-289,-431,-7271,-108,135,-3928,252,-134,1209
-289,-431,-7271,-82,372,-3800,242,-115,1217
-289,-431,-7271,-104,284,-3935,238,-113,1218
-289,-431,-7271,4,258,-3881,230,-121,1204
-498,-393,-7230,37,441,-3857,233,-102,1189
-498,-393,-7230,118,468,-3684,226,-82,1165
-498,-393,-7230,11,555,-3618,248,-87,1177
-498,-393,-7230,-184,690,-3641,221,-50,1132
-498,-393,-7230,9,687,-3670,234,-39,1093
-498,-393,-7230,-91,943,-3413,206,-2,1024
-498,-393,-7230,9,894,-3683,219,16,971
-498,-393,-7230,2,1172,-3613,209,27,888
-498,-393,-7230,-94,1228,-3623,185,62,812
-563,-390,-7208,-24,1332,-3877,167,65,739
-563,-390,-7208,-112,1478,-3882,168,83,653
-563,-390,-7208,-195,1407,-3891,180,90,554
-563,-390,-7208,-251,1495,-3966,149,98,468
-563,-390,-7208,-291,1463,-4069,140,97,379
-563,-390,-7208,-262,1458,-4142,130,101,288
-563,-390,-7208,-289,1393,-4190,116,110,478
-563,-390,-7208,-305,1257,-4162,103,102,217
-563,-390,-7208,-186,1130,-4412,116,85,185
-597,-411,-7224,-77,1127,-4643,127,64,141
-597,-411,-7224,-87,927,-4586,87,42,102
-597,-411,-7224,-142,785,-4626,110,20,74
-597,-411,-7224,-84,658,-4539,75,-2,52
-597,-411,-7224,-51,629,-4420,92,-13,47
-597,-411,-7224,-68,554,-4426,79,-29,45
-597,-411,-7224,-96,534,-4280,82,-51,59
-597,-411,-7224,-51,525,-4189,66,-49,47
-597,-411,-7224,15,565,-4217,41,-48,48
-617,-399,-7235,-12,634,-4082,84,-58,19
-617,-399,-7235,23,637,-4035,83,-65,-7
-617,-399,-7235,45,738,-3951,66,-57,-14
-617,-399,-7235,-5,767,-3911,59,-59,-32
-617,-399,-7235,-9,705,-3789,66,-40,-48
-617,-399,-7235,64,612,-3521,47,-32,-66
-617,-399,-7235,-45,701,-3798,52,-252,-95
-617,-399,-7235,36,696,-3714,57,-8,-104
-617,-399,-7235,14,702,-3526,88,16,-122
-570,-397,-7231,-206,690,-3567,85,32,-128
-570,-397,-7231,-5,759,-3591,103,52,-133
-570,-397,-7231,-78,662,-3637,93,63,-172
-570,-397,-7231,-93,581,-3639,82,93,-167
-570,-397,-7231,78,478,-3749,82,124,-170
-570,-397,-7231,184,346,-3537,94,133,-169
-570,-397,-7231,166,376,-3625,121,153,-158
-570,-397,-7231,160,294,-3759,113,169,-178
-570,-397,-7231,59,239,-3728,118,171,-186
-463,-391,-7229,38,240,-3851,130,177,-201
-463,-391,-7229,1515,-3661,-2897,-1660,-1625,-653
-463,-391,-7229,-7278,-387,-123,838,-794,-914
-463,-391,-7229,5427,-5952,-6925,-316,-836,-105
-463,-391,-7229,-1293,2157,4959,-77,-433,-174
-463,-391,-7229,1682,-4976,-12281,-461,-494,-357
-463,-391,-7229,2348,-2464,1184,-59,-264,-289
-463,-391,-7229,-262,-1188,-7384,288,-40,-501
-463,-391,-7229,846,186,-2121,129,-65,-156
-483,-386,-7235,273,-965,-2344,32,-144,-80
-483,-386,-7235,-487,419,-5728,111,-127,-3
-483,-386,-7235,288,995,-3875,-237,-127,27
-483,-386,-7235,-2,531,-4886,76,-200,-37
-483,-386,-7235,428,443,-3907,55,-131,-34
-483,-386,-7235,268,632,-3711,40,-130,-61
-483,-386,-7235,209,721,-4581,62,-134,-106
-483,-386,-7235,88,326,-3597,72,-130,-125
-483,-386,-7235,61,193,-4338,62,-117,-125
-473,-351,-7252,-38,424,-4363,44,-126,-119
-473,-351,-7252,45,233,-4198,62,-96,-110
-473,-351,-7252,-10,190,-4179,66,-114,-105
-473,-351,-7252,75,404,-4183,47,-108,-111
-473,-351,-7252,113,455,-4153,42,-104,-104
-473,-351,-7252,7,393,-4117,40,-123,-105
-473,-351,-7252,-86,423,-4120,35,-110,-120
-473,-351,-7252,252,274,-4037,53,-121,-125
-473,-351,-7252,-206,185,-4160,65,-110,-136
-482,-367,-7264,237,265,-3822,65,-120,-130
-482,-367,-7264,16,262,-4256,42,-118,-131
-482,-367,-7264,164,346,-3885,43,-109,-145
-482,-367,-7264,32,320,-4061,48,-109,-140
-482,-367,-7264,59,411,-4040,33,-112,-139
-482,-367,-7264,7,293,-4124,42,-112,-132
-482,-367,-7264,15,275,-4038,41,-111,-123
-482,-367,-7264,90,244,-4018,50,-103,-112
-482,-367,-7264,-78,230,-4051,34,-106,-109
-465,-374,-7246,52,292,-3983,59,-109,-94
-465,-374,-7246,52,264,-4035,37,-114,-83
-465,-374,-7246,29,343,-4051,40,-100,-82
-465,-374,-7246,38,266,-4080,49,-106,-93
-465,-374,-7246,31,272,-4072,72,-113,-107
-465,-374,-7246,17,278,-4029,55,-116,-117
-465,-374,-7246,26,236,-3987,56,-112,-127
-465,-374,-7246,24,289,-3988,61,-110,-119
-465,-374,-7246,6,228,-4035,52,-114,-115
-465,-368,-7219,76,346,-4068,57,-111,-115
-465,-368,-7219,60,300,-4082,40,-108,-115
-465,-368,-7219,46,260,-4030,36,-109,-112
-465,-368,-7219,18,496,-4064,37,-109,-118
-465,-368,-7219,84,268,-3951,34,-119,-93
-465,-368,-7219,47,245,-4075,57,-109,-95
-465,-368,-7219,46,326,-4061,32,-108,-118
-465,-368,-7219,40,310,-4077,31,-109,-115
-465,-368,-7219,30,307,-4075,62,-109,-126
-460,-335,-7221,45,291,-4015,32,-106,-103
-460,-335,-7221,55,287,-4093,42,-101,-97
-460,-335,-7221,57,269,-4063,31,-103,-96
-460,-335,-7221,17,507,-4075,58,-109,-99
-460,-335,-7221,76,335,-4091,46,-114,-125
-460,-335,-7221,46,322,-4109,46,-98,-94
-460,-335,-7221,87,311,-4088,49,-106,-108
-460,-335,-7221,42,320,-4065,32,-118,-115
-460,-335,-7221,68,328,-3997,29,-113,-119
-450,-370,-7229,59,299,-4050,50,-109,-118
-450,-370,-7229,17,253,-4035,33,-109,-116
-450,-370,-7229,42,241,-4050,48,-115,-117
-450,-370,-7229,43,295,-4106,56,-117,-123
-450,-370,-7229,10,304,-4001,35,-110,-122
-450,-370,-7229,60,326,-4122,28,-104,-109
-450,-370,-7229,65,311,-4054,44,-104,-102
-450,-370,-7229,51,323,-4023,44,-106,-118
-450,-370,-7229,30,246,-4049,35,-109,-111
-451,-390,-7259,67,269,-4063,56,-111,-111
-451,-390,-7259,34,227,-4039,39,-108,-118
-451,-390,-7259,24,272,-3999,53,-112,-115
-451,-390,-7259,38,317,-4063,50,-112,-108
-451,-390,-7259,80,317,-4026,42,-110,-115
-451,-390,-7259,32,286,-4037,40,-112,-103
-451,-390,-7259,32,282,-4023,45,-105,-107
-451,-390,-7259,75,255,-4050,42,-113,-97
-451,-390,-7259,46,260,-4072,31,-106,-107
-469,-370,-7229,41,281,-4078,60,-104,-106
-469,-370,-7229,26,288,-4072,34,-101,-108
-469,-370,-7229,78,302,-4051,39,-101,-105
-469,-370,-7229,57,361,-4053,45,-114,-104
-469,-370,-7229,58,312,-4085,49,-119,-113
-469,-370,-7229,75,291,-4064,55,-109,-115
-469,-370,-7229,50,274,-4059,21,-111,-102
-469,-370,-7229,78,272,-4064,37,-108,-109
-469,-370,-7229,53,299,-4091,46,-111,-102
-495,-389,-7284,28,274,-4090,48,-111,-110
-495,-389,-7284,33,305,-4089,34,-107,-128
-495,-389,-7284,84,321,-3990,44,-112,-122
-495,-389,-7284,44,315,-4044,45,-110,-120
-495,-389,-7284,27,283,-3999,36,-103,-118
-495,-389,-7284,21,293,-4068,49,-113,-116
-495,-389,-7284,80,270,-4055,34,-109,-108
-495,-389,-7284,18,284,-4081,44,-107,-116
-495,-389,-7284,27,283,-3845,33,-120,-103
-495,-389,-7284,47,315,-4051,35,-113,-98
-451,-359,-7244,53,325,-4161,30,-106,-101
-451,-359,-7244,22,258,-4077,55,-119,-101
-451,-359,-7244,84,404,-4105,43,-116,-100
-451,-359,-7244,39,185,-4182,45,-103,-91
-451,-359,-7244,72,390,-4155,10,-109,-94
-451,-359,-7244,-11,171,-4118,33,-112,-111
-451,-359,-7244,63,395,-4086,42,-108,-115
-451,-359,-7244,10,233,-4090,53,-107,-113
-451,-359,-7244,60,358,-4108,44,-105,-121
-430,-335,-7282,54,300,-4080,38,-111,-116
-430,-335,-7282,71,311,-4122,56,-107,-115
-430,-335,-7282,47,212,-4017,67,-108,-118
-430,-335,-7282,23,271,-4320,33,-111,-111
-430,-335,-7282,49,273,-4000,35,-109,-111
-430,-335,-7282,-3,293,-3868,49,-111,-114
-430,-335,-7282,84,350,-4075,29,-118,-96
-430,-335,-7282,74,324,-4065,32,-109,-79
-430,-335,-7282,106,330,-4039,27,-116,-75
-462,-371,-7264,39,207,-4060,29,-108,-92
-462,-371,-7264,43,273,-4093,31,-110,-104
-462,-371,-7264,42,226,-4136,62,-111,-112
-462,-371,-7264,22,496,-4077,28,-100,-116
-462,-371,-7264,84,394,-4053,50,-120,-126
-462,-371,-7264,31,507,-4087,22,-102,-123
-462,-371,-7264,98,422,-4107,45,-120,-126
-462,-371,-7264,11,273,-4054,54,-99,-118
-462,-371,-7264,32,328,-4111,76,-106,-124
-413,-341,-7251,33,247,-4095,58,-118,-121
-413,-341,-7251,42,238,-4105,54,-108,-112
-413,-341,-7251,104,276,-4062,43,-113,-125
-413,-341,-7251,53,355,-4069,50,-114,-130
-413,-341,-7251,46,282,-4079,51,-115,-132
-413,-341,-7251,90,344,-4035,50,-113,-138
-413,-341,-7251,49,301,-4107,38,-114,-98
-413,-341,-7251,11,299,-4082,52,-98,-112
-413,-341,-7251,20,506,-4067,47,-103,-109
-455,-350,-7231,-212,216,-4054,39,-106,-109
-455,-350,-7231,54,278,-4072,47,-119,-117
-455,-350,-7231,88,308,-3845,54,-117,-105
-455,-350,-7231,-219,286,-4014,50,-105,-116
-455,-350,-7231,33,343,-4027,49,-116,-110
-455,-350,-7231,30,311,-4076,27,-110,-118
-455,-350,-7231,47,311,-4044,55,-109,-123
-455,-350,-7231,-7,285,-4005,49,-109,-128
-455,-350,-7231,14,224,-4088,61,-111,-120
-475,-366,-7246,28,280,-4059,27,-110,-108
-475,-366,-7246,47,287,-4012,47,-110,-99
-475,-366,-7246,62,322,-3975,50,-109,-105
-475,-366,-7246,18,308,-4074,58,-112,-115
-475,-366,-7246,34,300,-4032,46,-110,-99
-475,-366,-7246,25,285,-4055,32,-110,-91
-475,-366,-7246,73,289,-4076,22,-112,-97
-475,-366,-7246,43,283,-4001,34,-112,-112
-475,-366,-7246,14,290,-4044,31,-111,-122
-491,-376,-7229,43,269,-4030,40,-113,-93
-491,-376,-7229,30,300,-4060,57,-113,-100
-491,-376,-7229,34,296,-4066,55,-110,-93
-491,-376,-7229,51,307,-4043,36,-100,-119
-491,-376,-7229,40,282,-4085,47,-105,-120
-491,-376,-7229,39,269,-4069,33,-110,-125
-491,-376,-7229,49,284,-4111,45,-105,-116
-491,-376,-7229,82,276,-4047,34,-104,-106
-491,-376,-7229,0,268,-4083,43,-107,-111
-452,-393,-7280,13,319,-4088,26,-119,-113
-452,-393,-7280,42,302,-4042,28,-107,-103
-452,-393,-7280,62,282,-4113,30,-102,-108
-452,-393,-7280,42,298,-4106,58,-111,-115
-452,-393,-7280,42,310,-4061,61,-104,-102
-452,-393,-7280,48,265,-4055,50,-109,-112
-452,-393,-7280,51,294,-4013,62,-113,-117
-452,-393,-7280,35,291,-4062,24,-107,-108
-452,-393,-7280,48,286,-4066,40,-107,-114
-467,-383,-7217,53,285,-4303,47,-107,-108
-467,-383,-7217,37,293,-4124,76,-109,-109
-467,-383,-7217,56,306,-4059,53,-115,-119
-467,-383,-7217,-201,294,-4027,55,-114,-117
-467,-383,-7217,33,283,-4078,48,-111,-118
-467,-383,-7217,21,305,-4048,45,-113,-107
-467,-383,-7217,27,293,-4098,47,-99,-118
-467,-383,-7217,10,294,-4051,44,-107,-104
-467,-383,-7217,49,285,-4009,33,-113,-115
-468,-403,-7227,46,292,-4117,30,-102,-115
-468,-403,-7227,19,289,-3992,50,-110,-107
-468,-403,-7227,97,291,-4062,52,-102,-107
-468,-403,-7227,16,282,-3991,57,-105,-114
-468,-403,-7227,44,276,-4049,38,-118,-116
-468,-403,-7227,40,262,-4073,58,-109,-120
-468,-403,-7227,62,288,-4023,50,-114,-122
-468,-403,-7227,23,225,-4023,28,-107,-91
-468,-403,-7227,51,271,-4326,34,-106,-98
-468,-364,-7232,62,270,-4027,33,-125,-94
-468,-364,-7232,20,304,-4048,34,-112,-105
-468,-364,-7232,51,301,-4296,34,-98,-104
-468,-364,-7232,46,276,-4044,51,-108,-112
-468,-364,-7232,34,280,-4061,31,-107,-95
-468,-364,-7232,47,287,-4052,32,-110,-92
-468,-364,-7232,52,316,-4033,57,-110,-100
-468,-364,-7232,46,268,-4060,57,-109,-100
-468,-364,-7232,36,272,-4079,29,-109,-125
-467,-408,-7206,17,293,-4071,35,-107,-111
-467,-408,-7206,37,279,-3996,46,-113,-117
-467,-408,-7206,49,290,-4026,34,-111,-110
-467,-408,-7206,39,269,-4060,32,-117,-111
-467,-408,-7206,35,281,-4071,19,-106,-120
-467,-408,-7206,32,314,-4043,30,-110,-121
-467,-408,-7206,38,260,-4049,36,-112,-116
-467,-408,-7206,61,304,-4145,65,-105,-115
-467,-408,-7206,45,279,-4032,23,-112,-113
-436,-377,-7198,33,294,-4007,38,-114,-120
-436,-377,-7198,-209,306,-4015,43,-114,-134
-436,-377,-7198,57,331,-4068,41,-115,-140
-436,-377,-7198,2,228,-4083,51,-115,-130
-436,-377,-7198,36,253,-4040,58,-114,-124
-436,-377,-7198,31,300,-4087,36,-104,-122
-436,-377,-7198,13,275,-4070,52,-109,-118
-436,-377,-7198,48,258,-4073,37,-109,-122
-436,-377,-7198,34,312,-4053,45,-107,-115
-450,-398,-7196,75,319,-3845,49,-117,-101
-450,-398,-7196,32,288,-4012,35,-114,-101
-450,-398,-7196,48,286,-4070,46,-108,-107
-450,-398,-7196,47,287,-4078,34,-101,-102
-450,-398,-7196,36,268,-4034,59,-107,-101
-450,-398,-7196,42,248,-4075,7,-99,-108
-450,-398,-7196,41,299,-4090,40,-107,-109
-450,-398,-7196,52,266,-4004,48,-109,-121
-450,-398,-7196,57,289,-4101,68,-110,-125
-434,-353,-7224,26,331,-4056,30,-115,-125
-434,-353,-7224,30,305,-4023,76,-113,-116
-434,-353,-7224,22,293,-4068,56,-110,-113
-434,-353,-7224,78,310,-4139,45,-114,-122
-434,-353,-7224,65,315,-4064,42,-114,-119
-434,-353,-7224,59,269,-4041,38,-105,-118
-434,-353,-7224,53,295,-4027,50,-106,-108
-434,-353,-7224,44,302,-4079,38,-108,-112
-434,-353,-7224,37,287,-3970,30,-105,-103
-458,-364,-7190,57,334,-4032,36,-108,-105
-458,-364,-7190,35,277,-4048,42,-105,-120
-458,-364,-7190,33,324,-4131,30,-111,-119
-458,-364,-7190,69,307,-4132,51,-110,-130
-458,-364,-7190,36,280,-4042,52,-113,-132
-458,-364,-7190,70,276,-4012,43,-110,-127
-458,-364,-7190,5,273,-4004,52,-105,-110
-458,-364,-7190,11,305,-4020,48,-117,-90
-458,-364,-7190,41,305,-4058,51,-119,-105
-469,-387,-7236,37,265,-4046,48,-112,-110
-469,-387,-7236,43,311,-4023,54,-113,-113
-469,-387,-7236,21,276,-4098,56,-111,-115
-469,-387,-7236,40,247,-4044,45,-111,-112
-469,-387,-7236,13,225,-4076,60,-107,-111
-469,-387,-7236,-22,290,-4021,38,-106,-122
-469,-387,-7236,46,248,-4041,45,-108,-136
-469,-387,-7236,86,312,-4063,33,-120,-133
-469,-387,-7236,61,293,-4118,35,-102,-105
-446,-379,-7225,42,314,-4030,49,-103,-118
-446,-379,-7225,37,291,-4058,42,-108,-110
-446,-379,-7225,61,315,-4063,42,-109,-112
-446,-379,-7225,42,292,-3980,48,-109,-116
-446,-379,-7225,25,324,-4068,48,-109,-114
-446,-379,-7225,34,299,-4093,58,-112,-122
-446,-379,-7225,38,254,-4054,63,-113,-125
-446,-379,-7225,50,320,-4079,37,-118,-136
-446,-379,-7225,25,264,-3984,59,-110,-120
-488,-378,-7207,42,252,-4040,57,-116,-115
-488,-378,-7207,49,327,-4077,55,-111,-132
-488,-378,-7207,25,315,-4079,54,-106,-101
-488,-378,-7207,20,310,-4343,57,-99,-107
-488,-378,-7207,40,254,-4062,39,-97,-115
-488,-378,-7207,43,277,-4061,38,-113,-121
-488,-378,-7207,23,276,-4102,50,-113,-122
-488,-378,-7207,47,272,-4078,47,-110,-128
-488,-378,-7207,42,287,-4072,68,-116,-134
-479,-390,-7173,67,269,-4142,56,-108,-130
-479,-390,-7173,78,300,-4026,41,-111,-133
-479,-390,-7173,38,276,-4020,43,-113,-112
-479,-390,-7173,46,304,-4043,42,-117,-122
-479,-390,-7173,50,292,-4074,44,-103,-116
-479,-390,-7173,43,291,-3974,27,-112,-122
-479,-390,-7173,42,302,-4030,44,-114,-132
-479,-390,-7173,53,274,-4079,43,-110,-135
-479,-390,-7173,24,316,-4051,63,-110,-127
-479,-390,-7173,70,313,-4070,31,-111,-127
-445,-376,-7260,51,293,-4024,36,-109,-118
-445,-376,-7260,33,273,-3982,45,-103,-120
-445,-376,-7260,42,268,-4009,42,-110,-98
-445,-376,-7260,22,276,-4012,32,-110,-106
-445,-376,-7260,37,297,-4071,31,-104,-105
-445,-376,-7260,65,263,-4023,58,-108,-98
-445,-376,-7260,30,286,-4047,47,-117,-101
-445,-376,-7260,52,294,-4028,50,-109,-104
-445,-376,-7260,31,307,-4079,40,-101,-99
-441,-382,-7223,54,294,-4133,39,-116,-100
-441,-382,-7223,39,297,-4067,48,-101,-103
-441,-382,-7223,55,299,-4119,46,-108,-108
-441,-382,-7223,34,278,-4060,53,-110,-122
-441,-382,-7223,60,270,-4073,70,-119,-133
-441,-382,-7223,59,301,-4106,43,-107,-122
-441,-382,-7223,58,268,-4107,48,-103,-128
-441,-382,-7223,50,300,-4040,30,-109,-118
-441,-382,-7223,61,297,-4057,58,-107,-106
-447,-372,-7286,24,282,-4045,44,-100,-101
-447,-372,-7286,11,295,-4083,36,-104,-92
-447,-372,-7286,72,268,-4283,19,-120,-87
-447,-372,-7286,46,292,-4062,40,-100,-81
-447,-372,-7286,56,310,-4011,35,-102,-94
-447,-372,-7286,49,274,-4010,48,-107,-102
-447,-372,-7286,63,309,-4006,62,-108,-107
-447,-372,-7286,87,286,-4017,46,-117,-134
-447,-372,-7286,56,256,-4073,34,-114,-132
-450,-349,-7213,-1,289,-4029,23,-111,-123
-450,-349,-7213,44,388,-4070,42,-111,-130
-450,-349,-7213,-90,362,-3996,68,-115,-123
-450,-349,-7213,-59,277,-4290,59,-130,-90
-450,-349,-7213,104,428,-3890,68,-108,-87
-450,-349,-7213,165,305,-4084,61,-111,-84
-450,-349,-7213,100,260,-4031,44,-95,-91
-450,-349,-7213,-161,164,-3813,38,-107,-83
-450,-349,-7213,-111,232,-4263,20,-121,-64
-487,-393,-7227,-204,-65,-4108,37,-119,-38
-487,-393,-7227,-59,-126,-4053,66,-109,5
-487,-393,-7227,-189,-127,-4035,45,-136,50
-487,-393,-7227,-44,8,-4556,58,-136,87
-487,-393,-7227,-188,-226,-4392,28,-178,125
-487,-393,-7227,-175,-261,-4841,9,-179,186
-487,-393,-7227,-259,-315,-4677,14,-208,241
-487,-393,-7227,-267,-497,-4833,-19,-232,306
-487,-393,-7227,-275,-475,-4911,-47,-262,361
-512,-408,-7225,-286,-320,-5012,-75,-299,423
-512,-408,-7225,-286,-342,-5020,-80,-332,473
-512,-408,-7225,-333,-259,-5261,-83,-383,530
-512,-408,-7225,-215,-399,-5215,-54,-434,587
-512,-408,-7225,-233,-277,-5364,-49,-532,636
-512,-408,-7225,-303,-249,-5334,32,-616,687
-512,-408,-7225,-202,-142,-5263,97,-670,717
-512,-408,-7225,-326,-104,-5130,147,-757,729
-512,-408,-7225,-238,-124,-4904,174,-814,754
-770,-485,-7177,-84,374,-2827,37,-650,733
-770,-485,-7177,-580,-480,-2851,27,-648,781
-770,-485,-7177,-351,-657,-3384,-39,-724,813
-770,-485,-7177,-224,-550,-4503,-14,-790,846
-770,-485,-7177,-173,-707,-4564,13,-753,914
-770,-485,-7177,-242,-316,-4111,13,-757,942
-770,-485,-7177,-301,-323,-4529,35,-783,959
-770,-485,-7177,-248,-444,-4055,48,-755,1007
-770,-485,-7177,-222,-466,-3782,69,-749,1042
-1106,-595,-7094,-81,-468,-3553,106,-741,1078
-1106,-595,-7094,-242,-370,-3778,113,-751,1111
-1106,-595,-7094,-93,-367,-3518,105,-736,1130
-1106,-595,-7094,-166,-460,-3731,118,-734,1165
-1106,-595,-7094,-290,-544,-3555,149,-727,1212
-1106,-595,-7094,-505,-529,-3738,159,-715,1289
-1106,-595,-7094,-313,-649,-3658,183,-687,1338
-1106,-595,-7094,-339,-665,-3583,209,-687,1390
-1106,-595,-7094,-476,-978,-3292,202,-641,1461
-1495,-774,-6966,-52,-629,-2941,269,-597,1510
-1495,-774,-6966,-480,-298,-3389,276,-584,1563
-1495,-774,-6966,-74,-632,-3548,300,-573,1618
-1495,-774,-6966,139,-423,-3653,352,-548,1677
-1495,-774,-6966,140,-538,-3244,346,-532,1740
-1495,-774,-6966,43,-363,-3569,388,-509,1780
-1495,-774,-6966,144,4,-3515,380,-489,1840
-1495,-774,-6966,74,12,-3835,418,-486,1848
-1495,-774,-6966,192,-216,-3840,417,-477,1861
-1758,-1045,-6848,502,165,-4004,432,-460,1864
-1758,-1045,-6848,292,35,-4037,405,-457,1862
-1758,-1045,-6848,192,588,-4047,442,-438,1828
-1758,-1045,-6848,308,454,-3564,430,-421,1791
-1758,-1045,-6848,167,525,-3806,450,-423,2026
-1758,-1045,-6848,283,835,-3870,399,-402,1738
-1758,-1045,-6848,175,693,-4055,397,-391,1716
-1758,-1045,-6848,192,540,-3884,376,-402,1663
-1758,-1045,-6848,15,825,-4094,363,-393,1635
-1973,-1378,-6793,-19,831,-4146,398,-374,1575
-1973,-1378,-6793,272,634,-4195,376,-399,1540
-1973,-1378,-6793,66,796,-4388,393,-406,1483
-1973,-1378,-6793,30,893,-4080,385,-378,1417
-1973,-1378,-6793,81,781,-3996,353,-381,1367
-1973,-1378,-6793,20,722,-3835,339,-356,1334
-1973,-1378,-6793,-28,580,-3952,342,-349,1291
-1973,-1378,-6793,67,643,-3819,330,-336,1505
-1973,-1378,-6793,163,463,-3775,318,-305,1276
-2028,-1645,-6706,68,402,-3591,336,-281,1251
-2028,-1645,-6706,57,433,-3823,338,-10,1248
-2028,-1645,-6706,93,445,-3677,354,-4,1245
-2028,-1645,-6706,-138,314,-3669,331,-242,1226
-2028,-1645,-6706,-162,492,-3880,344,-182,1235
-2028,-1645,-6706,-42,138,-3636,324,-179,1231
-2028,-1645,-6706,-37,273,-3750,320,-159,1208
-2028,-1645,-6706,-37,325,-3999,340,-152,1177
-2028,-1645,-6706,13,346,-3882,332,-146,1152
-2063,-1897,-6690,-126,467,-3823,345,-130,1103
-2063,-1897,-6690,-224,316,-3985,330,-131,1085
-2063,-1897,-6690,-197,561,-4073,319,-119,1052
-2063,-1897,-6690,-277,569,-4367,316,-127,1062
-2063,-1897,-6690,-128,702,-4213,294,-117,1087
-2063,-1897,-6690,-253,645,-4562,318,-124,1054
-2063,-1897,-6690,-105,565,-4379,296,-173,1044
-2063,-1897,-6690,-155,493,-4328,308,-169,990
-2063,-1897,-6690,-153,509,-4177,284,-181,992
-2006,-2087,-6713,-108,474,-4238,297,-191,996
-2006,-2087,-6713,-137,274,-3971,302,-187,973
-2006,-2087,-6713,-161,517,-4013,237,-189,979
-2006,-2087,-6713,-52,786,-3735,273,-164,940
-2006,-2087,-6713,-175,979,-3925,502,-146,902
-2006,-2087,-6713,-12,1299,-3572,249,-136,848
-2006,-2087,-6713,171,1582,-3462,259,-110,775
-2006,-2087,-6713,-176,1831,-3322,218,-77,696
-2006,-2087,-6713,-257,1817,-3360,216,-43,619
-1913,-2208,-6714,-253,1943,-3427,212,-10,521
-1913,-2208,-6714,-384,1936,-3412,221,22,456
-1913,-2208,-6714,-379,2163,-3833,217,47,359
-1913,-2208,-6714,-328,2413,-3369,173,97,243
-1913,-2208,-6714,-467,2647,-3268,151,149,146
-1913,-2208,-6714,-433,2309,-3377,144,178,39
-1913,-2208,-6714,-480,1824,-3832,136,193,-19
-1913,-2208,-6714,-421,1509,-4098,131,192,-60
-1913,-2208,-6714,-606,892,-4104,140,172,-95
-1819,-2305,-6712,-475,738,-4270,103,174,-132
-1819,-2305,-6712,-565,756,-4447,116,163,-140
-1819,-2305,-6712,-449,979,-4349,100,142,-142
-1819,-2305,-6712,-512,1290,-4419,95,121,-162
-1819,-2305,-6712,-447,1273,-4228,97,107,-175
-1819,-2305,-6712,-367,1343,-4224,76,114,-194
-1819,-2305,-6712,-379,1077,-4524,93,81,-215
-1819,-2305,-6712,-504,1224,-4437,64,70,-218
-1819,-2305,-6712,-417,816,-4427,88,56,-227
-1819,-2305,-6808,-431,731,-4259,77,44,-229
-1771,-2270,-6808,-508,620,-4161,75,39,-219
-1771,-2270,-6808,-483,589,-4096,62,29,-204
-1771,-2270,-6808,-503,421,-4052,39,26,-206
-1771,-2270,-6808,-509,494,-3958,80,25,-221
-1771,-2270,-6808,-530,370,-3863,61,28,-228
-1771,-2270,-6808,-474,268,-3595,56,45,-217
-1771,-2270,-6808,-434,228,-3367,72,55,-203
-1771,-2270,-6808,-473,155,-3567,85,68,-192
-1771,-2270,-6808,-534,98,-3747,99,79,-171
-1729,-2247,-6848,-496,153,-3884,89,95,-177
-1729,-2247,-6848,-488,74,-3866,90,93,-173
-1729,-2247,-6848,-519,83,-3965,96,96,-163
-1729,-2247,-6848,-495,51,-3939,91,99,-162
-1729,-2247,-6848,-426,44,-3586,69,90,-113
-1729,-2247,-6848,-358,-80,-3739,81,124,-104
-1729,-2247,-6848,-352,-24,-3733,86,137,-90
-1729,-2247,-6848,-333,-45,-3713,106,146,-81
-1729,-2247,-6848,-274,42,-3732,102,161,-79
-1663,-2226,-6887,-142,170,-3628,129,169,-77
-1663,-2226,-6887,-93,183,-3730,115,192,-67
-1663,-2226,-6887,-98,138,-3800,104,199,-40
-1663,-2226,-6887,-130,52,-3808,124,204,-36
-1663,-2226,-6887,-43,51,-3962,120,215,-34
-1663,-2226,-6887,-111,57,-3649,132,234,-4
-1663,-2226,-6887,-21,25,-3866,120,230,-2
-1663,-2226,-6887,-14,14,-3838,120,234,18
-1663,-2226,-6887,-223,64,-3878,132,243,30
-1566,-2216,-6926,78,-2,-3858,136,245,38
-1566,-2216,-6926,146,92,-3799,129,255,35
-1566,-2216,-6926,158,60,-3681,140,272,49
-1566,-2216,-6926,169,69,-3732,122,288,50
-1566,-2216,-6926,3532,472,13917,-515,4413,-2017
-1566,-2216,-6926,-11349,2551,855,171,-2838,149
-1566,-2216,-6926,-9547,6185,8920,210,970,-639
-1566,-2216,-6926,3384,9228,-2377,111,991,-299
-1566,-2216,-6926,-2346,-1457,-4230,-182,-510,-69
-1460,-2162,-6996,19,2527,-3245,18,-199,-218
-1460,-2162,-6996,1672,-45,-224,86,-180,-224
-1460,-2162,-6996,-432,510,-3079,14,20,-132
-1460,-2162,-6996,16,952,-3777,80,-13,-111
-1460,-2162,-6996,-93,367,-2651,69,-21,-126
-1460,-2162,-6996,533,117,-3687,67,-105,-161
-1460,-2162,-6996,194,34,-3572,20,-166,-150
-1460,-2162,-6996,282,400,-3983,29,-87,-134
-1460,-2162,-6996,180,24,-4083,51,-98,-121
-1480,-2180,-6926,37,429,-3732,43,-115,-132
-1480,-2180,-6926,-6,176,-3865,34,-115,-128
-1480,-2180,-6926,-47,379,-4575,29,-111,-124
-1480,-2180,-6926,236,200,-3896,50,-111,-126
-1480,-2180,-6926,138,268,-3975,48,-103,-123
-1480,-2180,-6926,190,380,-4139,31,-107,-120
-1480,-2180,-6926,57,293,-4144,55,-109,-119
-1480,-2180,-6926,94,364,-4045,66,-109,-108
-1480,-2180,-6926,65,397,-3839,53,-102,-104
-1474,-2193,-6944,-24,336,-4033,33,-106,-107
-1474,-2193,-6944,138,309,-3950,29,-99,-101
-1474,-2193,-6944,79,384,-4011,65,-112,-127
-1474,-2193,-6944,236,377,-4051,59,-116,-133
-1474,-2193,-6944,120,408,-3990,53,-117,-141
-1474,-2193,-6944,71,383,-4008,57,-109,-140
-1474,-2193,-6944,125,351,-4072,56,-118,-128
-1474,-2193,-6944,201,375,-4071,62,-116,-136
-1474,-2193,-6944,75,421,-4030,48,-109,-146
-1516,-2184,-6981,152,577,-4099,44,-99,-167
-1516,-2184,-6981,-237,820,-3717,29,-104,-200
-1516,-2184,-6981,-42,934,-3790,41,-92,-221
-1516,-2184,-6981,89,851,-3670,36,-106,-214
