xmag,ymag,zmag,xaccel,yaccel,zaccel,xgyro,ygyro,zgyro
-1407,-1575,7302,1678,-208,-4332,120,-97,-2217
-1401,-1611,7348,1707,-313,-4118,123,-125,-2225
-1401,-1611,7348,1614,-417,-4181,116,-143,-2193
-1401,-1611,7348,1627,-427,-4186,66,-148,-2162
-1401,-1611,7348,1691,-325,-4199,43,-163,-2089
-1401,-1611,7348,1649,-201,-4159,-229,-176,-2076
-1401,-1611,7348,1703,-61,-4226,-34,-192,-2071
-1401,-1611,7348,1790,-12,-4327,-39,-196,-2071
-1401,-1611,7348,1762,123,-4267,-35,-212,-2060
-1401,-1611,7348,1701,135,-4232,-40,-207,-2050
-1287,-1933,7306,1739,77,-4268,13,-228,-1801
-1287,-1933,7306,1711,77,-4212,30,-237,-2079
-1287,-1933,7306,1755,143,-4227,28,-238,-2071
-1287,-1933,7306,1879,155,-4253,58,-241,-2056
-1287,-1933,7306,1985,187,-4141,100,-225,-2050
-1287,-1933,7306,2040,193,-4108,65,-207,-2059
-1287,-1933,7306,2145,163,-4162,36,-169,-2067
-1287,-1933,7306,2033,81,-4101,31,-158,-2078
-1287,-1933,7306,1970,-123,-4080,5,-141,-2076
-1084,-2265,7331,1856,-334,-4127,9,-128,-2067
-1084,-2265,7331,1716,-592,-4166,-2,-125,-2045
-1084,-2265,7331,1580,-797,-4314,241,-136,-2033
-1084,-2265,7331,1437,-945,-4253,-30,-146,-1992
-1084,-2265,7331,1340,-1014,-4279,-78,-174,-1944
-1084,-2265,7331,1250,-1043,-4301,-81,-204,-1924
-1084,-2265,7331,1214,-912,-4259,-127,-216,-1887
-1084,-2265,7331,1305,-687,-4272,-143,-235,-1869
-1084,-2265,7331,1378,-454,-4164,-162,-245,-1868
-828,-2498,7325,1408,-246,-4144,-193,-248,-1866
-828,-2498,7325,1473,-29,-4101,-159,-249,-1862
-828,-2498,7325,1486,102,-4016,-148,-238,-1895
-828,-2498,7325,1535,213,-4050,-145,-217,-1916
-828,-2498,7325,1639,299,-3961,-126,-208,-1931
-828,-2498,7325,1638,228,-3921,-117,-178,-1960
-828,-2498,7325,1578,74,-3937,-94,-151,-1957
-828,-2498,7325,1544,-22,-3927,-100,-133,-1990
-828,-2498,7325,1547,-131,-3909,-88,-105,-1991
-828,-2498,7325,1495,-219,-3948,-88,-93,-1995
-499,-2727,7294,1486,-312,-3938,-48,-83,-1986
-499,-2727,7294,1410,-185,-4007,-60,-81,-1989
-499,-2727,7294,1416,-164,-3980,-65,-79,-2004
-499,-2727,7294,1474,-78,-4021,-73,-70,-1978
-499,-2727,7294,1485,-185,-4063,-62,-71,-2000
-499,-2727,7294,1420,52,-4011,-60,-61,-2004
-499,-2727,7294,1457,77,-3934,-57,-73,-2027
-499,-2727,7294,1494,89,-4038,-57,-69,-2038
-499,-2727,7294,1526,62,-3980,-25,-49,-2037
-185,-2833,7253,1597,69,-4033,4,-62,-2043
-185,-2833,7253,1605,69,-3982,-4,-71,-2066
-185,-2833,7253,1651,93,-4042,5,-67,-2070
-185,-2833,7253,1670,42,-4021,17,-63,-2054
-185,-2833,7253,1722,-54,-4012,-20,-71,-2070
-185,-2833,7253,1708,-102,-4024,-26,-67,-1803
-185,-2833,7253,1706,-144,-4072,-32,-76,-2068
-185,-2833,7253,1716,-154,-4211,-67,-86,-2077
-185,-2833,7253,1746,-156,-4059,-79,-80,-2066
161,-2928,7261,1761,-87,-4146,-83,-86,-2044
161,-2928,7261,1798,-11,-4070,-106,-76,-2035
161,-2928,7261,1835,153,-4082,-92,-76,-2035
161,-2928,7261,1885,285,-4069,-89,-73,-2052
161,-2928,7261,1942,416,-4068,-77,-54,-2057
161,-2928,7261,2011,433,-4088,-96,-37,-2068
161,-2928,7261,2003,523,-4059,-76,-19,-2082
161,-2928,7261,1907,451,-4071,-65,-6,-2103
161,-2928,7261,1917,465,-4077,-34,2,-2106
517,-2894,7242,1819,385,-4109,-5,255,-2105
517,-2894,7242,1815,341,-4139,7,5,-2108
517,-2894,7242,1776,228,-4141,58,241,-2095
517,-2894,7242,1765,111,-4148,93,-8,-2087
517,-2894,7242,1744,22,-4078,107,-36,-2078
517,-2894,7242,1761,-11,-4164,118,-39,-2060
517,-2894,7242,1755,-73,-4093,161,-48,-2030
517,-2894,7242,1756,-42,-4050,156,-58,-2017
517,-2894,7242,1741,-39,-4142,134,-71,-2005
827,-2747,7229,1727,-55,-4088,85,-69,-1989
827,-2747,7229,1682,59,-4205,89,-60,-1972
827,-2747,7229,1615,83,-3874,56,-47,-1960
827,-2747,7229,1580,168,-3893,28,-20,-1938
827,-2747,7229,1637,193,-3934,16,-22,-1929
827,-2747,7229,1602,276,-4012,0,9,-1913
827,-2747,7229,1568,270,-3959,-3,27,-1907
827,-2747,7229,1474,226,-3965,6,43,-1886
827,-2747,7229,1464,260,-4013,24,45,-1872
1061,-2562,7244,1445,25,-4081,60,48,-1867
1061,-2562,7244,1341,295,-4068,44,47,-1853
1061,-2562,7244,1383,431,-4213,42,43,-1858
1061,-2562,7244,1352,271,-4120,15,28,-1847
1061,-2562,7244,1534,245,-4245,30,20,-1843
1061,-2562,7244,1320,266,-4285,32,11,-1835
1061,-2562,7244,1346,354,-4285,-7,-11,-1832
1061,-2562,7244,1294,372,-4280,-7,-21,-1815
1061,-2562,7244,1418,410,-4288,-25,-36,-1822
1061,-2306,7238,1461,459,-4389,-56,-41,-1812
1227,-2353,7238,1515,411,-4138,-43,-56,-1797
1227,-2353,7238,1509,279,-4367,-60,-70,-1808
1227,-2353,7238,1569,241,-4403,-42,-80,-1816
1227,-2353,7238,1595,133,-4457,245,-94,-1804
1227,-2353,7238,1302,79,-4416,39,-101,-1786
1227,-2353,7238,1516,68,-4449,71,-125,-1777
1227,-2353,7238,1441,61,-4418,103,-137,-1768
1227,-2353,7238,1429,-23,-4434,145,-166,-1751
1227,-2353,7238,1380,12,-4372,140,-180,-1725
1384,-2169,7267,1351,15,-4348,160,-204,-1714
1384,-2169,7267,1368,4,-4212,169,-219,-1705
1384,-2169,7267,1429,47,-4181,135,-215,-1664
1384,-2169,7267,1456,82,-4189,101,-217,-1670
1384,-2169,7267,1466,116,-4137,47,-193,-1663
1384,-2169,7267,1513,119,-4321,16,-195,-1652
1384,-2169,7267,1458,26,-4098,-6,-181,-1652
1384,-2169,7267,1426,-90,-4122,-42,-160,-1654
1384,-2169,7267,1342,-240,-4130,-31,-158,-1622
1487,-1872,7298,1250,-322,-4268,-1,-159,-1608
1487,-1872,7298,1202,-386,-4279,0,-176,-1600
1487,-1872,7298,1201,-443,-4416,-25,-193,-1594
1487,-1872,7298,1084,-456,-4311,-25,-210,-1575
1487,-1872,7298,1013,-483,-4222,-34,-243,-1559
1487,-1872,7298,1005,-137,-4347,-45,-265,-1569
1487,-1872,7298,1084,-32,-4271,-66,-273,-1573
1487,-1872,7298,1124,91,-4174,-50,-280,-1595
1487,-1872,7298,1178,204,-4100,-22,-286,-1620
1571,-1616,7226,1205,327,-3989,-42,-282,-1644
1571,-1616,7226,1227,366,-4003,-18,-269,-1680
1571,-1616,7226,1523,485,-3953,9,-251,-1713
1571,-1616,7226,1320,540,-4017,13,-232,-1734
1571,-1616,7226,1256,604,-3804,21,-209,-1764
1571,-1616,7226,1274,544,-3884,48,-174,-1796
1571,-1616,7226,1253,543,-3780,35,-146,-1813
1571,-1616,7226,1141,501,-3827,68,-127,-1842
1571,-1616,7226,1104,426,-3797,86,-103,-1876
1595,-1310,7167,1035,393,-3865,80,-91,-1908
1595,-1310,7167,1064,416,-3908,74,-77,-1901
1595,-1310,7167,1087,517,-3990,84,-67,-1929
1595,-1310,7167,1148,554,-4060,90,-56,-1944
1595,-1310,7167,1218,634,-4063,109,-74,-1969
1595,-1310,7167,1299,683,-4153,105,-70,-1989
1595,-1310,7167,1362,782,-4087,102,-91,-2019
1595,-1310,7167,1453,783,-4133,102,-105,-2046
1595,-1310,7167,1534,746,-4125,117,-107,-2083
1495,-961,7204,1566,688,-4125,99,-124,-2107
1495,-961,7204,1619,635,-4126,97,-136,-2140
1495,-961,7204,1611,651,-4138,79,-158,-2152
1495,-961,7204,1645,549,-4075,84,-175,-2173
1495,-961,7204,1696,262,-4070,84,-182,-2190
1495,-961,7204,1695,439,-4027,64,-183,-2208
1495,-961,7204,1708,382,-4041,51,-188,-2218
1495,-961,7204,1755,349,-3936,37,-187,-2231
1495,-961,7204,1738,350,-3947,37,-182,-2251
1308,-607,7175,1776,366,-3891,24,-182,-2236
1308,-607,7175,1545,362,-3951,4,-173,-2252
1308,-607,7175,1831,384,-3906,-4,-167,-2264
1308,-607,7175,1874,412,-3987,-10,-152,-2265
1308,-607,7175,1927,385,-3977,-17,-157,-2288
1308,-607,7175,1975,385,-4030,-36,-140,-2292
1308,-607,7175,2063,417,-4086,-63,-143,-2297
1308,-607,7175,2085,421,-4060,-104,-137,-2311
1308,-607,7175,2194,392,-3855,-105,-121,-2329
1051,-326,7178,2244,388,-4148,-121,-121,-2338
1051,-326,7178,2324,412,-4177,-118,-127,-2357
1051,-326,7178,2299,519,-4275,-130,-140,-2367
1051,-326,7178,2300,544,-4129,-135,-140,-2394
1051,-326,7178,2313,643,-4261,-147,-154,-2417
1051,-326,7178,2377,721,-4234,-121,-155,-2441
1051,-326,7178,2440,777,-4310,-93,-164,-2474
1051,-326,7178,2490,949,-4224,-99,-158,-2498
1051,-326,7178,2319,984,-4175,-72,-164,-2549
650,-134,7205,2622,994,-4059,-55,-160,-2571
650,-134,7205,2672,983,-4039,-14,-158,-2612
650,-134,7205,2750,942,-4079,26,-151,-2641
650,-134,7205,2769,863,-4108,40,-157,-2658
650,-134,7205,2756,782,-4146,57,-132,-2658
650,-134,7205,2706,732,-4124,50,-148,-2665
650,-134,7205,2666,746,-4170,45,-144,-2656
650,-134,7205,2675,983,-4228,16,-139,-2674
650,-134,7205,2652,829,-4197,30,-163,-2691
186,-35,7230,2658,800,-4201,2,-160,-2685
186,-35,7230,2650,761,-4100,23,-146,-2693
186,-35,7230,2674,719,-4183,3,-147,-2691
186,-35,7230,2723,561,-4265,-1,-142,-2699
186,-35,7230,2741,385,-4304,-3,-136,-2681
186,-35,7230,2744,336,-4353,-36,-135,-2667
186,-35,7230,2674,366,-4463,-35,-131,-2637
186,-35,7230,2708,-20,-4516,-31,-127,-2593
186,-35,7230,2553,-85,-4621,-42,-129,-2566
-311,-8,7251,2517,-353,-4691,-45,-134,-2529
-311,-8,7251,2405,-437,-4696,-77,-145,-2481
-311,-8,7251,2279,-393,-4776,-129,-154,-2418
-311,-8,7251,2118,-292,-4632,-161,-186,-2361
-311,-8,7251,2037,-15,-4576,-188,-203,-2361
-311,-8,7251,2038,332,-4418,-233,-215,-2352
-311,-8,7251,2085,625,-4212,-262,-236,-2371
-311,-8,7251,2206,798,-4024,-10,-229,-2378
-311,-8,7251,2272,724,-3862,-214,-209,-2391
-669,-196,7364,2352,620,-3729,-158,-186,-2383
-669,-196,7364,2111,461,-3624,-168,-156,-2385
-669,-196,7364,2047,453,-3606,-144,-139,-2380
-669,-196,7364,2093,544,-3761,-102,-122,-2385
-669,-196,7364,2029,645,-3729,-110,-115,-2399
-669,-196,7364,2064,714,-3686,-107,-117,-2414
-669,-196,7364,2192,750,-3856,-120,-114,-2432
-669,-196,7364,2258,680,-3915,-120,-115,-2448
-669,-196,7364,2377,661,-3960,-149,-120,-2458
-669,-474,7374,2434,488,-3951,-177,-126,-2468
-994,-474,7374,2432,472,-3886,-182,-119,-2476
-994,-474,7374,2503,337,-4033,-184,-113,-2482
-994,-474,7374,2557,179,-4073,-193,-107,-2479
-994,-474,7374,2565,69,-4039,-210,-85,-2465
-994,-474,7374,2442,-30,-3924,-211,-80,-2454
-994,-474,7374,2536,-114,-4292,-217,-71,-2401
-994,-474,7374,2225,-127,-3994,-223,-63,-2371
-994,-474,7374,2272,-238,-4259,-213,-56,-2366
-994,-474,7374,2208,-118,-4268,-224,-51,-2373
-1187,-869,7369,2248,-22,-4122,-204,-66,-2355
-1187,-869,7369,2204,190,-4334,-217,-61,-2373
-1187,-869,7369,2375,351,-4372,-205,-67,-2383
-1187,-869,7369,2461,547,-4258,-187,-79,-2398
-1187,-869,7369,2554,570,-4308,-135,-64,-2416
-1187,-869,7369,2645,704,-4256,-125,-67,-2442
-1187,-869,7369,2722,782,-4268,-65,-73,-2480
-1187,-869,7369,2777,760,-4378,-40,-65,-2501
-1187,-869,7369,2763,694,-4318,-27,-63,-2528
-1284,-1327,7389,2748,526,-4319,0,-61,-2561
-1284,-1327,7389,2694,428,-4329,25,-68,-2582
-1284,-1327,7389,2751,429,-4365,17,-75,-2601
-1284,-1327,7389,2841,495,-4366,-12,-86,-2617
-1284,-1327,7389,2667,497,-4308,-23,-85,-2626
-1284,-1327,7389,2766,462,-4289,-49,-89,-2656
-1284,-1327,7389,2724,440,-4317,-82,-105,-2665
-1284,-1327,7389,2768,356,-4294,-102,-114,-2657
-1284,-1327,7389,2804,266,-4269,-105,-108,-2647
-1259,-1728,7388,2760,162,-4256,-131,-101,-2660
-1259,-1728,7388,2722,2,-4220,-92,-114,-2638
-1259,-1728,7388,2688,-162,-4245,-110,-73,-2644
-1259,-1728,7388,2665,-247,-4168,-103,-60,-2621
-1259,-1728,7388,2669,-301,-4268,-95,-32,-2596
-1259,-1728,7388,2665,-479,-4165,-94,0,-2570
-1259,-1728,7388,2544,-608,-4432,-109,26,-2526
-1259,-1728,7388,2435,-667,-4502,-154,54,-2493
-1259,-1728,7388,2299,-827,-4743,-164,78,-2467
-1134,-2205,7362,2110,-974,-4854,-199,92,-2412
-1134,-2205,7362,2287,-1000,-5027,-238,96,-2360
-1134,-2205,7362,2018,-964,-5259,-274,72,-2320
-1134,-2205,7362,2015,-869,-5350,-311,54,-2269
-1134,-2205,7362,2030,-728,-5334,-335,26,-2223
-1134,-2205,7362,2029,-559,-5476,-331,-29,-2186
-1134,-2205,7362,2066,-442,-5427,-314,-62,-2122
-1134,-2205,7362,2117,-223,-5451,-265,-122,-2081
-1134,-2205,7362,2153,-181,-5286,-243,-161,-2069
-887,-2645,7295,2191,-195,-4920,-223,-213,-2055
-887,-2645,7295,2060,-132,-5040,-208,-240,-2032
-887,-2645,7295,1913,-313,-4860,-187,-276,-2010
-887,-2645,7295,1730,-556,-4733,-186,-283,-1965
-887,-2645,7295,1526,-798,-4577,-188,-294,-1923
-887,-2645,7295,1361,-1083,-4618,-138,-298,-1864
-887,-2645,7295,1242,-1349,-4609,-116,-301,-1793
-887,-2645,7295,1130,-1570,-4713,-112,-311,-1709
-887,-2645,7295,983,-1841,-4682,-98,-324,-1605
-549,-2851,7283,816,-2016,-4929,-79,-357,-1514
-549,-2851,7283,655,-2125,-4866,-67,-394,-1431
-549,-2851,7283,514,-2210,-4871,-34,-429,-1333
-549,-2851,7283,424,-2290,-4749,-9,-453,-1211
-549,-2851,7283,18,-1972,-4658,4,-488,-1103
-549,-2851,7283,532,-2238,-4865,-43,-521,-1003
-549,-2851,7283,714,-2036,-4836,-23,-547,-903
-549,-2851,7283,520,-2094,-4625,-81,-553,-823
-549,-2851,7283,460,-2042,-4588,-95,-561,-730
-207,-2958,7303,333,-1905,-4714,-73,-565,-646
-207,-2958,7303,274,-1612,-5083,-80,-578,-576
-207,-2958,7303,228,-1160,-5016,-95,-598,-527
-207,-2958,7303,120,-982,-5120,-128,-631,-518
-207,-2958,7303,64,-782,-5231,-183,-666,-508
-207,-2958,7303,247,-582,-5328,-192,-715,-501
-207,-2958,7303,20,-625,-5475,-183,-765,-489
-207,-2958,7303,28,-509,-5417,-183,-821,-488
-207,-2958,7303,61,-413,-5514,-150,-875,-477
112,-3011,7223,44,-362,-5447,-103,-931,-447
112,-3011,7223,63,-341,-5346,-56,-1000,-441
112,-3011,7223,-1,-451,-5188,-27,-1034,-420
112,-3011,7223,-151,-613,-5006,10,-1084,-390
112,-3011,7223,-243,-775,-4831,13,-1114,-348
112,-3011,7223,-318,-810,-4664,37,-1121,-306
112,-3011,7223,-354,-524,-4544,34,-1131,-270
112,-3011,7223,-457,-623,-4559,43,-1139,-237
112,-3011,7223,-516,-574,-4503,79,-1151,-215
533,-3046,7171,-564,-260,-4416,76,-1183,-220
533,-3046,7171,-612,-397,-4367,51,-1201,-210
533,-3046,7171,-680,-311,-4253,78,-1211,-199
533,-3046,7171,-694,-249,-3946,76,-1229,-185
533,-3046,7171,-728,-155,-3864,79,-1231,-192
533,-3046,7171,-791,-109,-3723,61,-1224,-190
533,-3046,7171,-865,-133,-3491,87,-1224,-199
533,-3046,7171,-935,-93,-3313,77,-1205,-201
533,-3046,7171,-820,-300,-2464,87,-1191,-189
956,-3049,7079,-1404,-172,-2794,84,-1142,-204
956,-3049,7079,-1451,115,-2716,107,-1095,-188
956,-3049,7079,-1470,-20,-2730,142,-1033,-190
956,-3049,7079,-1526,82,-2517,193,-976,-212
956,-3049,7079,-1626,-250,-2540,203,-928,-174
956,-3049,7079,-1555,-175,-2585,219,-874,-171
956,-3049,7079,-1829,-287,-2608,263,-817,-167
956,-3049,7079,-1707,-391,-2795,260,-1020,-155
956,-3049,7079,-1746,-252,-2762,292,-724,-146
1268,-2994,6988,-1737,-289,-2461,288,-716,-123
1268,-2994,6988,-1834,-300,-2099,282,-646,-108
1268,-2994,6988,-1789,-359,-2440,226,-623,-114
1268,-2994,6988,-2454,-292,-2157,230,-590,-125
1268,-2994,6988,-2382,-76,-1433,210,-547,-121
1268,-2994,6988,-2310,130,-1899,193,-500,-158
1268,-2994,6988,-1756,66,-1910,168,-444,-187
1268,-2994,6988,-2539,253,-970,148,-386,-225
1268,-2994,6988,-1829,519,-833,155,-318,-244
1268,-2994,6961,-1911,-35,-909,138,-287,-262
1445,-2915,6961,-1469,247,-785,116,-230,-248
1445,-2915,6961,-2356,-72,-2173,155,-79,-258
1445,-2915,6961,-1475,-279,-2807,155,-140,-294
1445,-2915,6961,-1442,1004,-1551,169,-254,-219
1445,-2915,6961,-2811,1445,-1816,118,104,-224
1445,-2915,6961,-1772,-308,889,120,124,-224
1445,-2915,6961,-1834,142,-16,34,434,-227
1445,-2915,6961,-2828,-788,-2671,47,396,-244
1445,-2915,6961,-1593,1121,-66,-108,425,-344
1361,-2780,6956,-1772,-744,448,-179,497,-375
1361,-2780,6956,-2710,2019,-3858,-134,699,-433
1361,-2780,6956,-2960,562,966,-125,676,-438
1361,-2780,6956,6867,-900,5498,-45,851,-469
1361,-2780,6956,631,-651,-733,-265,917,-495
1361,-2780,6956,-986,-1190,-574,-351,962,-495
1361,-2780,6956,-617,-237,-1410,-341,1035,-445
1361,-2780,6956,-1900,520,-1311,-280,1097,-482
1361,-2780,6956,529,-489,-1834,-263,1059,-497
1161,-2861,7069,-117,949,-5127,-330,989,-487
1161,-2861,7069,-1969,717,-3584,-311,989,-485
1161,-2861,7069,-1085,573,-3312,-302,972,-516
1161,-2861,7069,-1223,243,-2855,-285,934,-546
1161,-2861,7069,-1285,355,-3366,-301,905,-576
1161,-2861,7069,-1114,286,-3202,-285,884,-591
1161,-2861,7069,-1080,410,-3338,-226,909,-597
1161,-2861,7069,-1013,455,-3221,-191,915,-608
1161,-2861,7069,-893,571,-3462,-146,903,-635
834,-2908,7184,-880,729,-3632,-124,882,-659
834,-2908,7184,-910,712,-3552,-78,881,-685
834,-2908,7184,-891,571,-3539,-95,858,-699
834,-2908,7184,-886,318,-3505,-98,856,-712
834,-2908,7184,-896,190,-3510,-65,860,-684
834,-2908,7184,-786,288,-3613,-37,848,-700
834,-2908,7184,-721,521,-3749,-41,844,-697
834,-2908,7184,-603,755,-3790,-23,849,-734
834,-2908,7184,-520,714,-3884,-32,835,-754
572,-2919,7244,-328,932,-4280,-64,801,-773
572,-2919,7244,-223,959,-4396,-97,762,-803
572,-2919,7244,-229,955,-4549,-160,744,-819
572,-2919,7244,-202,980,-4633,-188,716,-842
572,-2919,7244,-78,948,-4834,-234,700,-864
572,-2919,7244,21,1147,-4900,-21,678,-900
572,-2919,7244,32,1363,-5065,-235,659,-938
572,-2919,7244,-67,1513,-5183,-226,645,-972
572,-2919,7244,-89,1557,-5319,-166,635,-1009
409,-2958,7232,-74,1502,-5500,-114,599,-1043
409,-2958,7232,-36,1394,-5494,-88,568,-1063
409,-2958,7232,-92,1350,-5554,-56,552,-1096
409,-2958,7232,-15,1385,-5581,-8,260,-1121
409,-2958,7232,74,1450,-5577,45,483,-1147
409,-2958,7232,209,1465,-5476,70,454,-1178
409,-2958,7232,395,1549,-5393,136,433,-1208
409,-2958,7232,417,1561,-5388,137,417,-1259
409,-2958,7232,426,1574,-5265,109,393,-1324
362,-2899,7262,386,1542,-4955,78,388,-1366
362,-2899,7262,463,1573,-4941,28,380,-1441
362,-2899,7262,463,1657,-4727,-15,373,-1494
362,-2899,7262,545,1731,-4614,-13,371,-1564
362,-2899,7262,615,1587,-4412,5,372,-1618
362,-2899,7262,813,1401,-4521,53,386,-1666
362,-2899,7262,878,1216,-4391,85,399,-1692
362,-2899,7262,890,1154,-4372,99,409,-1715
362,-2899,7262,1073,779,-4172,107,421,-1754
449,-2783,7262,1266,958,-4120,89,430,-1756
449,-2783,7262,1449,1018,-4065,125,460,-1774
449,-2783,7262,1344,1074,-3709,180,480,-1793
449,-2783,7262,1470,869,-3754,218,515,-1808
449,-2783,7262,1317,655,-3834,250,539,-1842
449,-2783,7262,1441,598,-4098,233,559,-1863
449,-2783,7262,1628,648,-4456,208,557,-1891
449,-2783,7262,1696,797,-4737,174,539,-1927
449,-2783,7262,1827,842,-5121,145,498,-1946
469,-2710,7364,1871,920,-5298,115,436,-1986
469,-2710,7364,1943,967,-5448,148,384,-2010
469,-2710,7364,2102,880,-5644,204,314,-2031
469,-2710,7364,2337,787,-5868,257,245,-1799
469,-2710,7364,2382,570,-6047,284,154,-2041
469,-2710,7364,2512,464,-6167,239,49,-2049
469,-2710,7364,2581,641,-6119,240,-36,-2060
469,-2710,7364,2535,945,-6196,232,-162,-2080
469,-2710,7364,2459,1065,-6032,223,-233,-2130
644,-2501,7363,2600,954,-6088,240,-309,-2175
644,-2501,7363,2626,850,-5921,271,-383,-2200
644,-2501,7363,2592,662,-5875,316,-464,-2241
644,-2501,7363,2547,441,-5668,355,-521,-2251
644,-2501,7363,2492,266,-5606,335,-575,-2275
644,-2501,7363,2518,630,-5427,308,-626,-2321
644,-2501,7363,2586,732,-5182,273,-677,-2368
644,-2501,7363,2655,756,-5058,489,-705,-2411
644,-2501,7363,2754,798,-4898,239,-731,-2446
1065,-2238,7334,2812,965,-4815,214,-746,-2495
1065,-2238,7334,2859,1039,-4692,223,-759,-2533
1065,-2238,7334,2870,991,-4368,232,-760,-2590
1065,-2238,7334,2904,918,-4284,221,-748,-2635
1065,-2238,7334,2985,743,-3904,217,-734,-2668
1065,-2238,7334,3025,513,-3868,230,-707,-2700
1065,-2238,7334,2821,314,-3625,243,-672,-2710
1065,-2238,7334,3002,182,-3675,255,-630,-2718
1065,-2238,7334,2926,194,-3578,252,-581,-2708
1476,-1795,7231,2947,311,-3516,240,-557,-2719
1476,-1795,7231,2935,425,-3472,183,-520,-2743
1476,-1795,7231,2916,468,-3547,114,-504,-2786
1476,-1795,7231,2983,515,-3632,40,-471,-2822
1476,-1795,7231,3167,437,-3563,-43,-467,-2854
1476,-1795,7231,3240,462,-3770,-95,-435,-2874
1476,-1795,7231,3267,375,-3811,-101,-430,-2906
1476,-1795,7231,3440,182,-3704,-141,-401,-2923
1476,-1795,7231,3527,291,-3820,-152,-402,-2932
1476,-1795,6975,3333,103,-3302,-159,-372,-2947
1631,-1327,7147,3298,102,-3583,-188,-348,-2943
1631,-1327,7147,3406,124,-3542,-204,-333,-2950
1631,-1327,7147,3391,74,-3385,-184,-294,-2950
1631,-1327,7147,3305,17,-3507,-219,-286,-2936
1631,-1327,7147,3464,2,-3718,-198,-257,-2925
1631,-1327,7147,3404,253,-3750,-171,-233,-2920
1631,-1327,7147,3158,202,-3377,-177,-236,-2931
1631,-1327,7147,2992,-146,-3381,-216,-199,-2935
1631,-1327,7147,3138,380,-3857,-201,-198,-2928
1491,-848,7151,3198,336,-3745,-201,-203,-2937
1491,-848,7151,2988,404,-3486,-236,-171,-2926
1491,-848,7151,3190,532,-3714,-223,-145,-2940
1491,-848,7151,3092,744,-3382,-227,-139,-2965
1491,-848,7151,3205,1023,-3743,-252,-98,-2994
1491,-848,7151,3344,626,-3553,-267,-64,-3017
1491,-848,7151,3913,333,-3805,-236,-5,-3037
1491,-848,7151,3719,331,-4163,-200,-5,-3031
1491,-848,7151,3501,-224,-3503,-148,34,-3033
1240,-493,7176,3495,-146,-4065,-124,91,-2988
1240,-493,7176,3802,-670,-3926,-128,97,-2931
1240,-493,7176,3126,-410,-2992,-43,143,-2887
1240,-493,7176,3342,-70,-3369,-16,118,-2860
1240,-493,7176,2170,-426,-4146,62,162,-2790
1240,-493,7176,2538,-320,-4453,91,125,-2762
1240,-493,7176,3335,-103,-3828,-12,121,-2749
1240,-493,7176,2702,334,-4415,-246,64,-2699
1240,-493,7176,2646,-95,-4045,-20,98,-2673
685,-203,7207,2422,-142,-4696,-19,88,-2665
685,-203,7207,3447,925,-5284,-64,13,-2693
685,-203,7207,3643,1271,-2544,-33,24,-2713
685,-203,7207,3108,759,-2525,-23,-3,-2737
685,-203,7207,2641,-21,-3385,-28,-8,-2727
685,-203,7207,2538,132,-6539,93,46,-2726
685,-203,7207,2597,-857,-2285,83,-50,-2663
685,-203,7207,1394,878,-3356,131,-16,-2554
685,-203,7207,4161,-285,-5199,212,-49,-2532
153,13,7241,1662,130,-2895,228,-45,-2499
153,13,7241,1975,39,-4852,242,-4,-2497
153,13,7241,2145,-9,-4306,217,-57,-2491
153,13,7241,2959,463,-3985,151,-37,-2491
153,13,7241,2647,487,-3977,86,-36,-2491
153,13,7241,2514,521,-3873,65,-46,-2508
153,13,7241,2599,635,-3963,39,-35,-2527
153,13,7241,2527,534,-3933,-17,-38,-2544
153,13,7241,2631,412,-4036,-25,-28,-2532
-365,3,7250,2771,404,-3994,-5,-19,-2545
-365,3,7250,2938,322,-4142,19,-22,-2553
-365,3,7250,2942,398,-4194,29,-24,-2562
-365,3,7250,3043,428,-4238,5,-28,-2563
-365,3,7250,2830,396,-4103,22,-37,-2573
-365,3,7250,3204,446,-4072,37,-44,-2575
-365,3,7250,3206,370,-4125,53,-44,-2588
-365,3,7250,3205,343,-4114,66,-58,-2601
-365,3,7250,3241,237,-4121,98,-81,-2627
-790,-161,7270,3207,53,-4118,66,-90,-2630
-790,-161,7270,3184,-64,-4067,48,-107,-2639
-790,-161,7270,3173,-53,-4105,10,-126,-2663
-790,-161,7270,3164,20,-3947,-45,-149,-2691
-790,-161,7270,3382,206,-3863,-65,-143,-2714
-790,-161,7270,3406,430,-3733,-68,-113,-2724
-790,-161,7270,3563,561,-3685,-48,-93,-2770
-790,-161,7270,3757,623,-3617,19,-79,-2781
-790,-161,7270,3755,645,-3526,90,-33,-2820
-1186,-464,7304,3776,608,-3515,168,-14,-2840
-1186,-464,7304,3669,403,-3385,209,41,-2867
-1186,-464,7304,3601,229,-3318,250,57,-2885
-1186,-464,7304,3534,-12,-3220,253,103,-2895
-1186,-464,7304,3489,-151,-3177,225,139,-2913
-1186,-464,7304,3470,-128,-3303,213,157,-2926
-1186,-464,7304,3461,-141,-3198,199,205,-2923
-1186,-464,7304,3514,-96,-3281,202,221,-2921
-1186,-464,7304,3576,6,-3434,243,250,-2928
-1550,-882,7179,3731,-151,-3499,258,267,-2929
-1550,-882,7179,3840,35,-3602,297,279,-2927
-1550,-882,7179,3975,-23,-3629,299,267,-2930
-1550,-882,7179,4311,-72,-3655,256,265,-2923
-1550,-882,7179,4131,-156,-3687,198,264,-2914
-1550,-882,7179,4341,-359,-3725,161,262,-2902
-1550,-882,7179,4052,-276,-3639,121,267,-2895
-1550,-882,7179,4130,-232,-3737,83,240,-2874
-1550,-882,7179,4057,-307,-3757,5,219,-2858
-1768,-1369,7172,3946,-338,-4086,-42,196,-2853
-1768,-1369,7172,3857,-411,-3833,-66,173,-2844
-1768,-1369,7172,3792,-574,-3779,-39,130,-2837
-1768,-1369,7172,3678,-750,-3682,-23,94,-2809
-1768,-1369,7172,3566,-892,-3529,-46,62,-2756
-1768,-1369,7172,3369,-942,-3303,-38,48,-2724
-1768,-1369,7172,3294,-1072,-2882,-13,56,-2625
-1768,-1369,7172,3277,-1079,-3033,70,83,-2566
-1768,-1369,7172,3182,-916,-2918,137,123,-2488
-1803,-1956,7109,3154,-810,-2810,193,166,-2421
-1803,-1956,7109,3003,-755,-2703,252,209,-2363
-1803,-1956,7109,2978,-736,-2641,284,252,-2303
-1803,-1956,7109,2928,-806,-2726,311,282,-2266
-1803,-1956,7109,2853,-787,-2853,258,323,-2225
-1803,-1956,7109,2780,-894,-2849,195,346,-2190
-1803,-1956,7109,2723,-915,-2627,128,348,-2144
-1803,-1956,7109,2713,-921,-2616,104,366,-2110
-1803,-1956,7109,2651,-1075,-2475,94,380,-2075
-1692,-2358,7021,2663,-1225,-2471,95,435,-2011
-1692,-2358,7021,2689,-1448,-2471,65,484,-1959
-1692,-2358,7021,2676,-1678,-2571,34,543,-1877
-1692,-2358,7021,2650,-1796,-2485,-34,619,-1797
-1692,-2358,7021,2639,-1851,-2505,-114,670,-1710
-1692,-2358,7021,2621,-1927,-2575,-166,734,-1612
-1692,-2358,7021,2507,-1879,-2697,-257,788,-1523
-1692,-2358,7021,2509,-1883,-2860,-349,848,-1411
-1692,-2358,7021,2464,-1932,-2963,-407,890,-1318
-1687,-2729,6825,2407,-1869,-2822,-471,932,-1208
-1687,-2729,6825,2313,-1847,-3163,-525,958,-1126
-1687,-2729,6825,2282,-1902,-3225,-569,1014,-1041
-1687,-2729,6825,2240,-1888,-3338,-571,1035,-946
-1687,-2729,6825,2186,-1966,-3514,-580,1055,-863
-1687,-2729,6825,2321,-2011,-3652,-548,1059,-757
-1687,-2729,6825,2307,-1971,-3724,-524,1039,-644
-1687,-2729,6825,2232,-1686,-3982,-512,1042,-506
-1687,-2729,6825,2376,-1904,-4312,-567,1015,-401
-1881,-3053,6527,2472,-1702,-4361,-628,991,-319
-1881,-3053,6527,2470,-1716,-4459,-677,958,-225
-1881,-3053,6527,2471,-1702,-4448,-678,923,-119
-1881,-3053,6527,2560,-1650,-4455,-655,881,-28
-1881,-3053,6527,2495,-1583,-4341,-615,850,69
-1881,-3053,6527,2648,-1570,-4489,-567,818,193
-1881,-3053,6527,2788,-1532,-4542,-531,783,300
-1881,-3053,6527,2848,-1388,-4632,-487,748,389
-1881,-3053,6527,2861,-1247,-4745,-477,716,489
-2154,-3169,6138,2959,-1285,-5105,-480,674,581
-2154,-3169,6138,3146,-1246,-5033,-498,609,677
-2154,-3169,6138,3178,-1176,-4646,-546,548,767
-2154,-3169,6138,2923,-1119,-4264,-567,477,841
-2154,-3169,6138,3288,-1016,-5265,-602,450,889
-2154,-3169,6138,3288,-528,-3506,-644,383,957
-2154,-3169,6138,3103,-1059,-4193,-728,365,1025
-2154,-3169,6138,3313,-987,-4381,-791,321,1122
-2154,-3169,6138,3331,-705,-3825,-898,308,1246
-2493,-3009,5852,3447,-1409,-4505,-984,259,1337
-2493,-3009,5852,3752,-2012,-4597,-1079,214,1432
-2493,-3009,5852,3269,-1060,-4294,-1123,132,1513
-2493,-3009,5852,3695,-1206,-4485,-1154,86,1609
-2493,-3009,5852,4090,-1017,-5455,-1205,7,1704
-2493,-3009,5852,4177,-490,-4918,-1229,-93,1791
-2493,-3009,5852,4149,-925,-4599,-1211,-175,1874
-2493,-3009,5852,4022,-578,-5241,-1202,-257,1930
-2493,-3009,5852,4964,-856,-5318,-1235,-339,1999
-2493,-3009,5852,4270,-276,-5325,-1159,-433,2066
-2815,-2653,5594,4693,127,-5608,-1077,-554,2105
-2815,-2653,5594,4851,-373,-6288,-1003,-679,2130
-2815,-2653,5594,4576,286,-5150,-980,-815,2154
-2815,-2653,5594,4705,603,-5604,-917,-939,2192
-2815,-2653,5594,4576,-374,-4987,-890,-1040,2212
-2815,-2653,5594,5081,-381,-4440,-831,-1122,2236
-2815,-2653,5594,5156,-190,-5343,-803,-1223,2238
-2815,-2653,5594,4403,429,-4271,-809,-1033,2241
-2815,-2653,5594,5088,-364,-4475,-778,-1287,2256
-2959,-1973,5781,4797,-525,-4029,-741,-1299,2272
-2959,-1973,5781,5262,-618,-4644,-751,-1297,2288
-2959,-1973,5781,5367,-271,-4456,-763,-1308,2298
-2959,-1973,5781,4812,-163,-3920,-787,-1270,2288
-2959,-1973,5781,5131,-301,-4228,-799,-1281,2285
-2959,-1973,5781,4987,-95,-4206,-787,-1263,2285
-2959,-1973,5781,4806,-28,-4122,-792,-1259,2278
-2959,-1973,5781,4727,-155,-4082,-745,-1258,2265
-2959,-1973,5781,4670,14,-4197,-715,-1252,2248
-2808,-1302,6188,4484,10,-4209,-680,-1237,2238
-2808,-1302,6188,4405,121,-4202,-666,-1243,2217
-2808,-1302,6188,4463,171,-4307,-619,-1223,2194
-2808,-1302,6188,4447,167,-4412,-558,-1214,2171
-2808,-1302,6188,4432,402,-4559,-554,-1204,2125
-2808,-1302,6188,4404,506,-4645,-535,-1226,2097
-2808,-1302,6188,4321,579,-4896,-486,-1236,2059
-2808,-1302,6188,4289,621,-5109,-448,-1259,2030
-2808,-1302,6188,4162,672,-5262,-400,-1312,1985
-2414,-708,6578,4253,675,-5278,-351,-1377,1929
-2414,-708,6578,4136,488,-5503,-268,-1452,1898
-2414,-708,6578,4159,547,-5711,-228,-1542,1869
-2414,-708,6578,4105,665,-5713,-271,-1646,1813
-2414,-708,6578,4108,664,-5645,-292,-1754,1744
-2414,-708,6578,4061,719,-5543,-315,-1860,1690
-2414,-708,6578,4064,786,-5300,-269,-1957,1634
-2414,-708,6578,3986,822,-4936,-204,-2037,1584
-2414,-708,6578,3933,717,-4685,-73,-2083,1537
-1693,-352,6921,3871,539,-4354,68,-2129,1516
-1693,-352,6921,3666,718,-4255,217,-2154,1497
-1693,-352,6921,3566,395,-4010,379,-2152,1496
-1693,-352,6921,3338,219,-3896,456,-2137,1497
-1693,-352,6921,3263,221,-3861,415,-2129,1496
-1693,-352,6921,2961,203,-3630,347,-2110,1461
-1693,-352,6921,2881,301,-3503,269,-2084,1434
-1693,-352,6921,2718,130,-3170,250,-2036,1409
-1693,-352,6921,2701,129,-3122,280,-2029,1392
-793,-81,7211,2465,141,-3131,334,-1952,1381
-793,-81,7211,2342,66,-2898,346,-1913,1365
-793,-81,7211,2142,60,-2766,377,-1875,1342
-793,-81,7211,1939,-73,-2528,388,-1829,1335
-793,-81,7211,1643,-197,-2251,415,-1776,1330
-793,-81,7211,1664,-132,-1967,414,-1707,1368
-793,-81,7211,1291,-229,-1641,430,-1623,1387
-793,-81,7211,1183,-277,-1446,484,-1507,1384
-793,-81,7211,1018,-196,-1528,544,-1380,1395
134,60,7181,911,-159,-1549,579,-1255,1381
134,60,7181,829,-149,-1614,570,-1138,1392
134,60,7181,786,-252,-1744,591,-1044,1389
134,60,7181,691,-197,-1835,605,-967,1370
134,60,7181,704,-342,-1905,582,-891,1393
134,60,7181,581,-553,-1942,566,-842,1406
134,60,7181,559,-637,-2010,563,-775,1416
134,60,7181,479,-765,-2064,558,-722,1441
134,60,7181,510,-848,-1913,588,-658,1475
770,157,7020,453,-966,-2085,650,-594,1510
770,157,7020,510,-934,-2345,695,-545,1558
770,157,7020,592,-796,-2724,720,-500,1599
770,157,7020,546,-700,-2925,736,-469,1634
770,157,7020,503,-471,-3028,789,-460,1668
770,157,7020,510,-344,-3276,827,-466,1696
770,157,7020,472,-368,-3257,890,-501,1712
770,157,7020,403,-459,-3136,939,-481,1729
770,157,7020,352,-428,-3198,951,-493,1738
1270,137,6837,421,-569,-3132,990,-496,1768
1270,137,6837,276,-678,-3313,1012,-483,1799
1270,137,6837,281,-761,-3317,1036,-460,1831
1270,137,6837,220,-902,-3428,1062,-440,1861
1270,137,6837,235,-855,-3395,1078,-411,1917
1270,137,6837,67,-711,-3227,1122,-360,1957
1270,137,6837,64,-762,-3114,1197,-302,1983
1270,137,6837,45,-771,-2997,1215,-238,2010
1270,137,6837,-24,-784,-3090,1264,-150,2301
1816,65,6532,36,-838,-3053,1291,-95,2097
1816,65,6532,84,-796,-3033,1309,-16,2110
1816,65,6532,0,-874,-3197,1286,49,2117
1816,65,6532,78,-822,-3209,1261,95,2129
1816,65,6532,53,-843,-3217,1239,160,2123
1816,65,6532,123,-911,-3556,1220,199,2134
1816,65,6532,259,-795,-3433,1189,506,2145
1816,65,6532,196,-902,-3764,1232,307,2143
1816,65,6532,410,-1012,-3732,1249,348,2172
2196,-223,6382,524,-1092,-4075,1270,368,2198
2196,-223,6382,564,-1118,-4401,1290,379,2231
2196,-223,6382,535,-1089,-4604,1313,372,2266
2196,-223,6382,587,-1101,-4741,1310,364,2284
2196,-223,6382,580,-1126,-4902,1314,343,2293
2196,-223,6382,575,-1237,-5089,1314,299,2315
2196,-223,6382,637,-1371,-5313,1281,253,2337
2196,-223,6382,675,-1433,-5365,1025,196,2376
2196,-223,6382,654,-1482,-5360,1500,150,2425
2441,-567,6290,619,-1291,-5233,1276,101,2463
2441,-567,6290,614,-1204,-5219,1239,76,2516
2441,-567,6290,706,-1115,-5063,1211,50,2536
2441,-567,6290,686,-986,-5132,1191,42,2560
2441,-567,6290,839,-949,-5112,1177,52,2575
2441,-567,6290,884,-990,-5098,1180,50,2583
2441,-567,6290,932,-780,-5139,1183,61,2599
2441,-567,6290,999,-817,-5193,1233,69,2619
2441,-567,6290,1077,-694,-5307,1300,67,2643
2652,-1092,6233,1114,-720,-5248,1379,79,2654
2652,-1092,6233,1182,-730,-5333,1420,70,2657
2652,-1092,6233,1148,-670,-5359,1408,78,2662
2652,-1092,6233,1227,-717,-5384,1410,69,2679
2652,-1092,6233,1327,-659,-5581,1420,60,2696
2652,-1092,6233,1295,-431,-5689,1406,37,2697
2652,-1092,6233,1293,-317,-5669,1378,9,2694
2652,-1092,6233,1189,-263,-5525,1403,-8,2685
2652,-1092,6233,1077,-499,-5350,1413,-21,2681
2719,-1647,6249,1039,-337,-5293,1498,-11,2672
2719,-1647,6249,951,-326,-5126,1540,3,2676
2719,-1647,6249,981,-305,-4933,1574,30,2677
2719,-1647,6249,1181,-273,-4875,1575,63,2682
2719,-1647,6249,1423,-155,-4996,1537,102,2672
2719,-1647,6249,1679,-3,-5007,1496,137,2663
2719,-1647,6249,1800,-18,-5194,1486,157,2672
2719,-1647,6249,1830,10,-5491,1487,150,2678
2719,-1647,6249,1732,46,-5716,1540,110,2695
2545,-2204,6409,1604,14,-5676,1598,63,2701
2545,-2204,6409,1449,-53,-5621,1623,15,2709
2545,-2204,6409,1404,-128,-5404,1622,-11,2714
2545,-2204,6409,1364,-294,-5209,1604,-31,2752
2545,-2204,6409,1315,-415,-5052,1580,-14,2762
2545,-2204,6409,1431,-463,-4692,1555,25,2787
2545,-2204,6409,1791,-457,-4688,1498,62,2799
2545,-2204,6409,1630,-452,-4584,1410,115,3067
2545,-2204,6409,1811,-457,-4572,1321,170,2847
2175,-2600,6569,1935,-551,-4455,1315,233,2884
2175,-2600,6569,2012,-594,-4815,1315,269,2917
2175,-2600,6569,2048,-568,-4964,1358,277,2935
2175,-2600,6569,2115,-639,-5137,1418,296,2978
2175,-2600,6569,2181,-578,-5116,1438,298,3008
2175,-2600,6569,2247,-579,-5180,1476,307,3029
2175,-2600,6569,2399,-585,-5260,1467,300,3300
2175,-2600,6569,2452,-616,-5341,1484,309,3081
2175,-2600,6569,2538,-752,-5471,1477,304,3099
1578,-2823,6861,2563,-799,-5453,1510,280,3127
1578,-2823,6861,2626,-816,-5455,1486,264,3147
1578,-2823,6861,2622,-810,-5493,1467,270,3179
1578,-2823,6861,2653,-723,-5324,1453,254,3187
1578,-2823,6861,2763,-612,-5398,1441,263,3200
1578,-2823,6861,2919,-460,-5562,1437,262,3201
1578,-2823,6861,2948,-338,-5539,1419,254,3199
1578,-2823,6861,3314,-143,-5720,1379,241,3193
1578,-2823,6861,3045,-67,-5741,1350,225,3200
905,-2754,7177,3100,112,-5706,1355,218,3204
905,-2754,7177,3204,142,-5695,1377,188,3203
905,-2754,7177,3169,137,-5708,1416,167,3202
905,-2754,7177,3050,196,-5734,1442,156,3244
905,-2754,7177,2946,58,-5624,1493,136,3224
905,-2754,7177,2914,34,-5570,1506,130,3217
905,-2754,7177,2853,-1,-5433,1506,122,3209
905,-2754,7177,2819,-83,-5261,1490,146,3198
905,-2754,7177,2807,-163,-5262,1450,163,3176
275,-2490,7375,2813,-113,-5132,1394,189,3159
275,-2490,7375,2856,-240,-5094,1363,209,3163
275,-2490,7375,2883,-271,-5061,1320,237,3154
275,-2490,7375,2790,-154,-5039,1263,259,3134
275,-2490,7375,2648,-42,-4971,1222,269,3113
275,-2490,7375,2459,43,-4855,1145,273,3094
275,-2490,7375,2376,174,-4658,1111,293,3058
275,-2490,7375,2290,190,-4409,1066,289,3020
275,-2490,7375,2347,173,-4085,997,302,2971
-237,-1990,7511,2393,139,-4177,954,326,2918
-237,-1990,7511,2399,125,-3939,926,350,2881
-237,-1990,7511,2368,204,-3795,915,386,2834
-237,-1990,7511,2417,205,-3695,888,424,2791
-237,-1990,7511,2442,91,-3572,891,460,2756
-237,-1990,7511,2421,-64,-3619,849,496,2728
-237,-1990,7511,2480,-234,-3619,860,532,2721
-237,-1990,7511,2511,-326,-3629,848,557,2727
-237,-1990,7511,2524,-504,-3732,826,589,2716
-237,-1990,7511,2515,-551,-4093,810,590,2725
-577,-1500,7526,2426,-504,-3800,762,592,2744
-577,-1500,7526,2440,-386,-3669,755,592,2761
-577,-1500,7526,2406,-150,-3584,673,604,2733
-577,-1500,7526,2344,52,-3530,635,610,2703
-577,-1500,7526,2401,225,-3309,550,609,2675
-577,-1500,7526,2505,315,-3449,468,620,2639
-577,-1500,7526,2619,281,-3510,455,621,2613
-577,-1500,7526,2642,304,-3502,487,641,2592
-577,-1500,7526,2644,308,-3520,476,652,2587
-779,-1019,7438,2691,509,-3655,502,670,2582
-779,-1019,7438,2711,225,-3903,477,664,2585
-779,-1019,7438,2745,257,-4162,456,649,2580
-779,-1019,7438,2749,347,-4231,416,619,2567
-779,-1019,7438,2850,493,-4380,392,574,2541
-779,-1019,7438,2963,705,-4357,378,533,2504
-779,-1019,7438,2945,645,-4406,343,494,2476
-779,-1019,7438,2973,557,-4199,296,481,2450
-779,-1019,7438,2905,453,-4009,251,468,2433
-882,-592,7340,2850,446,-3714,229,485,2429
-882,-592,7340,2898,584,-3696,219,519,2434
-882,-592,7340,2981,685,-3678,203,555,2422
-882,-592,7340,3003,797,-3743,121,569,2428
-882,-592,7340,2899,823,-3653,71,632,2421
-882,-592,7340,2807,913,-3442,14,670,2421
-882,-592,7340,2743,1027,-3246,-44,731,2409
-882,-592,7340,2860,1068,-3147,-105,790,2389
-882,-592,7340,2983,975,-3179,-172,857,2389
-811,-316,7225,3183,847,-3230,-227,955,2400
-811,-316,7225,3329,757,-3366,-217,985,2427
-811,-316,7225,3487,765,-3549,-246,1034,2424
-811,-316,7225,3565,730,-3778,-284,1046,2414
-811,-316,7225,3629,690,-3757,-379,1046,2401
-811,-316,7225,3721,656,-3879,-449,1022,2384
-811,-316,7225,3675,737,-3763,-541,1006,2366
-811,-316,7225,3761,807,-3685,-639,984,2357
-811,-316,7225,3744,796,-3749,-750,975,2353
-872,-185,7264,3898,764,-3841,-809,951,2353
-872,-185,7264,4001,729,-4002,-810,931,2358
-872,-185,7264,4137,741,-4240,-796,899,2382
-872,-185,7264,4201,945,-4509,-747,853,2399
-872,-185,7264,4173,843,-4532,-749,786,2407
-872,-185,7264,4252,972,-4639,-767,707,2386
-872,-185,7264,4232,1043,-4651,-780,620,2396
-872,-185,7264,4125,1183,-4514,-826,557,2379
-872,-185,7264,4124,1100,-4490,-822,468,2344
-846,-226,7241,4172,958,-4454,-828,405,2331
-846,-226,7241,4078,838,-4431,-804,337,2334
-846,-226,7241,4127,619,-4208,-739,262,2352
-846,-226,7241,4112,544,-4009,-671,250,2364
-846,-226,7241,4104,558,-3759,-637,214,2375
-846,-226,7241,4052,542,-3427,-600,228,2406
-846,-226,7241,4070,484,-3191,-549,248,2427
-846,-226,7241,3948,678,-3142,-584,299,2426
-846,-226,7241,3964,654,-3053,-613,328,2433
-594,-302,7303,3872,618,-3036,-660,362,2419
-594,-302,7303,3782,776,-3001,-736,396,2414
-594,-302,7303,3771,889,-2899,-812,422,2378
-594,-302,7303,3695,941,-2894,-862,452,2343
-594,-302,7303,3697,882,-2844,-914,479,2296
-594,-302,7303,3796,856,-2803,-967,526,2270
-594,-302,7303,3778,800,-2854,-1006,558,2217
-594,-302,7303,3848,984,-2876,-779,599,2200
-594,-302,7303,3919,718,-3143,-1039,634,2169
-466,-489,7403,4014,828,-3324,-1064,652,2168
-466,-489,7403,4060,849,-3528,-1075,654,2153
-466,-489,7403,4016,953,-3564,-1074,643,2122
-466,-489,7403,4013,844,-3824,-1088,611,2084
-466,-489,7403,4004,732,-3908,-1115,573,2063
-466,-489,7403,4025,483,-4005,-1135,532,2046
-466,-489,7403,4309,200,-4140,-1127,472,2048
-466,-489,7403,4099,36,-4180,-1116,410,2060
-466,-489,7403,3870,-52,-4182,-1156,339,2089
-480,-839,7482,4118,-164,-4125,-1178,273,2100
-480,-839,7482,4096,-202,-4050,-1223,214,2146
-480,-839,7482,4054,-224,-3919,-1252,150,2167
-480,-839,7482,4017,-279,-3705,-1278,83,2204
-480,-839,7482,3907,-235,-3567,-1322,44,2232
-480,-839,7482,3899,-189,-3346,-1356,11,2247
-480,-839,7482,3880,-138,-3019,-1380,-26,2254
-480,-839,7482,3975,-107,-2864,-1402,-44,2262
-480,-839,7482,4136,-134,-2851,-1398,-52,2544
-436,-1223,7554,4270,-206,-2799,-1384,-61,2549
-436,-1223,7554,4258,-60,-2790,-1377,-68,2340
-436,-1223,7554,4254,-4,-2643,-1376,-59,2355
-436,-1223,7554,4325,141,-2610,-1358,-59,2368
-436,-1223,7554,4351,375,-2568,-1354,-55,2367
-436,-1223,7554,4390,374,-2576,-1390,-46,2352
-436,-1223,7554,4365,557,-2733,-1430,-58,2359
-436,-1223,7554,4347,625,-2835,-1439,-84,2327
-436,-1223,7554,4441,577,-2898,-1469,-99,2290
-439,-1599,7535,4414,660,-2896,-1459,-131,2257
-439,-1599,7535,4416,496,-3194,-1411,-184,2244
-439,-1599,7535,4453,281,-3099,-1400,-209,2228
-439,-1599,7535,4682,-246,-3266,-1380,-250,2235
-439,-1599,7535,4696,-258,-3289,-1318,-290,2253
-439,-1599,7535,4844,-327,-3323,-1279,-322,2282
-439,-1599,7535,5003,-554,-3421,-1257,-350,2321
-439,-1599,7535,5007,-337,-3459,-1264,-364,2346
-439,-1599,7535,5117,-391,-3565,-1297,-389,2341
-467,-2059,7456,5178,-202,-3622,-1324,-406,2331
-467,-2059,7456,5116,20,-3700,-1341,-395,2317
-467,-2059,7456,5004,-30,-3841,-1318,-416,2548
-467,-2059,7456,4933,63,-4038,-1269,-422,2547
-467,-2059,7456,4882,18,-4286,-1198,-434,2310
-467,-2059,7456,4724,-36,-4521,-1135,-483,2306
-467,-2059,7456,4692,14,-4818,-1056,-520,2286
-467,-2059,7456,4645,-9,-4985,-966,-596,2264
-467,-2059,7456,4662,150,-4981,-865,-671,2248
-556,-2359,7354,4760,296,-5168,-780,-716,2231
-556,-2359,7354,4800,358,-5318,-775,-772,2202
-556,-2359,7354,4744,392,-5361,-531,-842,2152
-556,-2359,7354,4714,410,-5470,-753,-903,2114
-556,-2359,7354,4634,396,-5416,-726,-960,2061
-556,-2359,7354,4501,478,-5370,-663,-1033,2006
-556,-2359,7354,4393,469,-5227,-561,-1088,1966
-556,-2359,7354,4223,295,-5126,-427,-1136,1933
-556,-2359,7354,4046,218,-4911,-292,-1177,1908
-469,-2461,7357,4021,69,-4789,-167,-1212,1875
-469,-2461,7357,3890,-22,-4687,-124,-1249,1885
-469,-2461,7357,3732,-34,-4543,-155,-1029,1871
-469,-2461,7357,3666,-212,-4488,-170,-1313,1831
-469,-2461,7357,3507,-141,-4298,-262,-1323,1810
-469,-2461,7357,3361,-73,-4073,-335,-1322,1768
-469,-2461,7357,3133,-131,-3895,-375,-1306,1740
-469,-2461,7357,2967,-149,-3741,-364,-1270,1708
-469,-2461,7357,2754,180,-3744,-340,-1236,1668
-469,-2461,7357,2654,4,-3658,-296,-1220,1627
-245,-2484,7389,2532,-94,-3818,-277,-1211,1585
-245,-2484,7389,2370,-130,-3793,-295,-1192,1562
-245,-2484,7389,2286,-124,-3795,-304,-1207,1520
-245,-2484,7389,2267,-221,-3801,-276,-1209,1489
-245,-2484,7389,2235,-325,-3859,-235,-1215,1463
-245,-2484,7389,2366,-210,-3833,-212,-1225,1443
-245,-2484,7389,2235,-93,-3836,-180,-1229,1434
-245,-2484,7389,2265,-101,-3866,-140,-1232,1403
-245,-2484,7389,2267,41,-3988,-92,-1260,1371
-17,-2592,7380,2066,264,-3971,-85,-1288,1345
-17,-2592,7380,1957,263,-3782,3,-1308,1321
-17,-2592,7380,1755,63,-3739,81,-1347,1298
-17,-2592,7380,1554,-112,-3599,174,-1367,1284
-17,-2592,7380,1491,-325,-3461,225,-1371,1288
-17,-2592,7380,1455,-346,-3399,197,-1373,1269
-17,-2592,7380,1432,-242,-3476,136,-1364,1252
-17,-2592,7380,1341,-331,-3626,10,-1353,1230
-17,-2592,7380,1224,-263,-3671,-55,-1329,1228
290,-2558,7360,1120,-251,-3606,-40,-1313,1221
290,-2558,7360,1093,-207,-3671,31,-1280,1216
290,-2558,7360,984,-128,-3700,148,-1274,1231
290,-2558,7360,851,-83,-3622,272,-1287,1263
290,-2558,7360,848,-12,-3564,388,-1273,1285
290,-2558,7360,642,-198,-3447,486,-1285,1293
290,-2558,7360,500,-428,-3447,547,-1296,1314
290,-2558,7360,465,-521,-3383,593,-1041,1349
290,-2558,7360,403,-671,-3237,632,-1272,1377
584,-2545,7382,342,-588,-3155,675,-1244,1417
584,-2545,7382,230,-554,-2898,708,-1220,1442
584,-2545,7382,197,-630,-2745,744,-1174,1466
584,-2545,7382,187,-853,-2680,761,-1108,1489
584,-2545,7382,184,-934,-2674,781,-1054,1509
584,-2545,7382,198,-944,-2689,762,-996,1541
584,-2545,7382,225,-957,-2619,794,-930,1571
584,-2545,7382,224,-1014,-2688,777,-873,1608
584,-2545,7382,251,-965,-2730,791,-815,1646
771,-2427,7343,175,-821,-2728,798,-774,1689
771,-2427,7343,135,-726,-2762,793,-727,1703
771,-2427,7343,110,-742,-2626,820,-679,1760
771,-2427,7343,90,-792,-2720,870,-626,1775
771,-2427,7343,180,-822,-2851,901,-586,1806
771,-2427,7343,-27,-823,-2687,937,-558,1827
771,-2427,7343,-28,-860,-2661,975,-521,1875
771,-2427,7343,-35,-835,-2419,1065,-473,1905
771,-2427,7343,22,-882,-2309,1144,-404,1937
736,-2242,7407,183,-860,-1940,1173,-317,1978
736,-2242,7407,46,-801,-1848,1161,-230,2002
736,-2242,7407,102,-648,-1422,1118,-141,2007
736,-2242,7407,35,-366,-1132,1047,-40,1991
736,-2242,7407,-7,-319,-1038,923,74,1957
736,-2242,7407,-77,-307,-839,852,176,1922
736,-2242,7407,-82,-278,-968,755,287,1894
736,-2242,7407,-55,-251,-706,687,399,1878
736,-2242,7407,64,-326,-786,678,522,1862
508,-2009,7510,108,-346,-865,670,622,1855
508,-2009,7510,181,-241,-1023,654,737,1837
508,-2009,7510,266,-212,-1130,662,812,1816
508,-2009,7510,379,-167,-1238,654,895,1792
508,-2009,7510,481,-243,-1399,680,948,1766
508,-2009,7510,563,-139,-1444,655,1021,1742
508,-2009,7510,644,-224,-1735,611,1070,1728
508,-2009,7510,683,-309,-1901,556,1109,1715
508,-2009,7510,832,-386,-2056,511,1142,1708
-5,-1835,7592,924,-378,-2305,417,1146,1694
-5,-1835,7592,1138,-255,-2265,348,1158,1695
-5,-1835,7592,1158,-126,-2370,234,1159,1675
-5,-1835,7592,1201,27,-2472,134,1146,1665
-5,-1835,7592,1163,-23,-2394,75,1158,1655
-5,-1835,7592,1275,-97,-2521,34,1167,1682
-5,-1835,7592,1331,-97,-2559,4,1183,1686
-5,-1835,7592,1298,-108,-2412,38,1222,1718
-5,-1835,7592,1301,-81,-2360,30,1272,1745
-625,-1695,7513,1302,26,-2315,14,1309,1760
-625,-1695,7513,1440,-40,-2300,44,1374,1780
-625,-1695,7513,1531,85,-2374,61,1441,1798
-625,-1695,7513,1572,158,-2461,50,1485,1816
-625,-1695,7513,1613,223,-2572,21,1540,1825
-625,-1695,7513,1579,221,-2535,8,1571,1823
-625,-1695,7513,1568,50,-2607,-34,1617,1806
-625,-1695,7513,1677,-151,-2730,-108,1660,1835
-625,-1695,7513,1816,-210,-2986,-149,1691,1866
-1309,-1449,7355,2019,-107,-3141,-270,1735,1866
-1309,-1449,7355,2261,145,-3500,-359,1730,1870
-1309,-1449,7355,2452,336,-3611,-411,1722,1858
-1309,-1449,7355,2658,544,-3786,-403,1703,1859
-1309,-1449,7355,2949,991,-3929,-416,1663,1845
-1309,-1449,7355,3127,1069,-4260,-422,1625,1829
-1309,-1449,7355,3096,1246,-4448,-444,1564,1781
-1309,-1449,7355,3203,1375,-4611,-461,1502,1743
-1309,-1449,7355,3283,1242,-4740,-520,1430,1695
-1936,-1204,6983,3359,1411,-4946,-578,1335,1658
-1936,-1204,6983,3469,1433,-5005,-652,1258,1623
-1936,-1204,6983,3597,1289,-5363,-699,1179,1594
-1936,-1204,6983,3318,1312,-5371,-717,1089,1558
-1936,-1204,6983,3341,1193,-5453,-730,992,1535
-1936,-1204,6983,3226,1340,-5640,-666,874,1507
-1936,-1204,6983,2990,1404,-5468,-656,774,1462
-1936,-1204,6983,3050,1460,-5472,-606,672,1426
-1936,-1204,6983,3028,1480,-5306,-592,582,1391
-2260,-952,6735,3114,1166,-5229,-584,522,1362
-2260,-952,6735,3176,866,-5202,-514,491,1334
-2260,-952,6735,3322,750,-5320,-477,470,1356
-2260,-952,6735,3336,614,-5038,-455,472,1365
-2260,-952,6735,3283,461,-4986,-472,500,1356
-2260,-952,6735,3266,340,-5001,-508,518,1351
-2260,-952,6735,3195,286,-5250,-577,532,1361
-2260,-952,6735,3128,232,-5183,-641,532,1370
-2260,-952,6735,3110,134,-5221,-629,534,1392
-2307,-692,6621,3144,160,-5260,-599,539,1425
-2307,-692,6621,3248,188,-5250,-556,534,1447
-2307,-692,6621,3436,52,-5313,-488,528,1459
-2307,-692,6621,3711,134,-5508,-466,512,1483
-2307,-692,6621,3941,35,-5655,-537,485,1495
-2307,-692,6621,4168,-102,-5914,-549,442,1542
-2307,-692,6621,4444,-136,-6052,-571,389,1579
-2307,-692,6621,4464,-58,-6203,-564,333,1610
-2307,-692,6621,4471,23,-6367,-577,235,1648
-2321,-426,6581,4461,377,-6414,-553,132,1648
-2321,-426,6581,4569,117,-6469,-563,17,1655
-2321,-426,6581,4613,104,-6462,-575,-95,1669
-2321,-426,6581,4547,11,-6458,-623,-220,1689
-2321,-426,6581,4577,-64,-6338,-614,-343,1707
-2321,-426,6581,4584,-200,-6141,-602,-457,1752
-2321,-426,6581,4611,-341,-5988,-548,-555,1813
-2321,-426,6581,4604,-326,-5853,-500,-650,1875
-2321,-426,6581,4600,-396,-5783,-486,-722,1938
-1996,-113,6622,4561,-397,-5712,-472,-811,2009
-1996,-113,6622,4493,-339,-5632,-465,-890,2032
-1996,-113,6622,4560,-236,-5569,-487,-980,2077
-1996,-113,6622,4496,-336,-5393,-470,-1067,2119
-1996,-113,6622,4427,-429,-5275,-480,-1126,2136
-1996,-113,6622,4483,-425,-5061,-495,-1160,2168
-1996,-113,6622,4426,-414,-5088,-474,-1214,2183
-1996,-113,6622,4628,-434,-4976,-423,-1257,2208
-1996,-113,6622,4442,-384,-4885,-369,-1267,2242
-1288,143,6936,4488,-284,-4898,-340,-1308,2244
-1288,143,6936,4389,-379,-4833,-302,-1346,2251
-1288,143,6936,4357,-371,-4802,-278,-1372,2253
-1288,143,6936,4349,-451,-4757,-6,-1417,2252
-1288,143,6936,4248,-692,-4691,-217,-1444,2269
-1288,143,6936,4270,-582,-4717,-206,-1478,2270
-1288,143,6936,4254,-628,-4575,-220,-1513,2259
-1288,143,6936,4297,-627,-4580,-238,-1551,2257
-1288,143,6936,4539,-749,-4537,-223,-1587,2257
-363,288,7007,4260,-642,-4273,-212,-1612,2266
-363,288,7007,4064,-563,-4292,-234,-1626,2270
-363,288,7007,3933,-579,-4152,-209,-1632,2273
-363,288,7007,4078,-620,-4035,-199,-1644,2273
-363,288,7007,3752,-566,-3933,-184,-1651,2265
-363,288,7007,3584,-416,-3841,-165,-1637,2276
-363,288,7007,3476,-424,-3772,-138,-1638,2278
-363,288,7007,3312,-240,-3676,-102,-1657,2234
-363,288,7007,3110,-142,-3465,-64,-1638,2220
-363,288,7007,2900,-74,-3314,-61,-1598,2183
727,123,7066,2736,-96,-2852,-29,-1569,2152
727,123,7066,2472,-220,-2904,217,-1525,2119
727,123,7066,2302,-318,-2638,238,-1471,2092
727,123,7066,2084,-390,-2506,13,-1410,2062
727,123,7066,1963,-376,-2506,22,-1342,2039
727,123,7066,1830,-479,-2456,25,-1280,2003
727,123,7066,2010,-438,-2574,61,-1214,1988
727,123,7066,1657,-553,-2642,110,-1167,1979
727,123,7066,1741,-493,-2794,188,-1132,1969
1511,-247,6843,1502,-466,-2790,262,-1096,1970
1511,-247,6843,1563,-331,-2995,304,-1074,1962
1511,-247,6843,1435,-385,-2857,326,-1050,1947
1511,-247,6843,1426,-434,-2855,343,-1031,1940
1511,-247,6843,1352,-446,-2830,340,-1021,1933
1511,-247,6843,1328,-454,-2804,353,-991,1929
1511,-247,6843,1256,-486,-2596,335,-971,1949
1511,-247,6843,990,-552,-2508,326,-960,1938
1511,-247,6843,971,-367,-2546,333,-926,1930
2162,-614,6587,983,-293,-2581,355,-911,1940
2162,-614,6587,913,-131,-2714,419,-861,1953
2162,-614,6587,995,76,-2788,502,-847,1958
2162,-614,6587,973,241,-2952,597,-841,1943
2162,-614,6587,945,387,-2915,690,-842,1928
2162,-614,6587,881,425,-2846,772,-827,1913
2162,-614,6587,817,465,-2711,851,-810,1900
2162,-614,6587,846,379,-2708,908,-788,1878
2162,-614,6587,783,349,-2640,1002,-748,1855
2558,-1092,6334,702,290,-2373,1074,-694,1851
2558,-1092,6334,569,337,-2235,1123,-650,1860
2558,-1092,6334,403,277,-1945,1169,-565,1860
2558,-1092,6334,325,203,-1814,1245,-478,1858
2558,-1092,6334,246,144,-1794,1259,-383,1860
2558,-1092,6334,179,-1,-1625,1282,-281,1858
2558,-1092,6334,101,-111,-1509,1245,-170,1873
2558,-1092,6334,175,-205,-1519,1206,-65,1923
2558,-1092,6334,223,-225,-1567,1185,42,1937
2735,-1446,6188,316,-226,-1644,1177,133,1962
2735,-1446,6188,435,-195,-1735,1176,247,1980
2735,-1446,6188,514,-178,-1722,1183,344,2001
2735,-1446,6188,595,-189,-1944,1175,430,2014
2735,-1446,6188,647,-290,-2002,1139,506,2041
2735,-1446,6188,692,-420,-2143,1068,587,2043
2735,-1446,6188,785,-499,-2203,1014,630,2073
2735,-1446,6188,904,-544,-2371,951,689,2093
2735,-1446,6188,1089,-573,-2611,904,732,2113
2626,-1837,6398,1324,-582,-2781,879,761,2139
2626,-1837,6398,1490,-540,-2843,872,779,2183
2626,-1837,6398,1548,-511,-2947,920,801,2214
2626,-1837,6398,1594,-398,-2989,943,825,2245
2626,-1837,6398,1661,-306,-2966,954,845,2252
2626,-1837,6398,1722,-240,-3092,915,866,2257
2626,-1837,6398,1787,-261,-3105,841,888,2253
2626,-1837,6398,1742,-320,-3069,768,915,2253
2626,-1837,6398,1684,-320,-3043,667,943,2256
2173,-2284,6712,1747,-403,-3284,594,976,2257
2173,-2284,6712,1868,-484,-3047,515,1001,2257
2173,-2284,6712,1969,-395,-2995,477,1054,2270
2173,-2284,6712,1984,-184,-3008,397,1094,2275
2173,-2284,6712,1944,2,-2987,289,1140,2269
2173,-2284,6712,1958,226,-3039,504,1176,2248
2173,-2284,6712,2020,346,-3004,182,1216,2223
2173,-2284,6712,2003,413,-3074,156,1270,2201
2173,-2284,6712,2035,481,-3278,168,1316,2172
1459,-2674,7018,2067,503,-3315,83,1346,2128
1459,-2674,7018,2073,568,-3404,19,1376,2093
1459,-2674,7018,2083,493,-3484,-40,1399,2029
1459,-2674,7018,2201,445,-3638,-57,1388,2021
1459,-2674,7018,2367,341,-3720,-62,1399,2013
1459,-2674,7018,2574,256,-3850,24,1394,2030
1459,-2674,7018,2698,356,-4058,102,1387,2031
1459,-2674,7018,2672,464,-4137,112,1363,2035
1459,-2674,7018,2658,532,-4206,72,1336,2002
527,-2927,7245,2716,520,-4140,2,1306,1957
527,-2927,7245,2746,398,-4136,-24,1285,1946
527,-2927,7245,2837,375,-4244,-79,1268,1927
527,-2927,7245,2911,347,-4266,-128,1237,1917
527,-2927,7245,2966,390,-4341,-194,1215,1911
527,-2927,7245,2994,556,-4429,-305,1185,1901
527,-2927,7245,2976,680,-4478,-361,1134,1880
527,-2927,7245,2969,519,-4417,-425,1103,1871
527,-2927,7245,2947,847,-4467,-462,1060,1847
-320,-2992,7165,2917,970,-4389,-510,1004,1832
-320,-2992,7165,2819,887,-4197,-570,964,1830
-320,-2992,7165,2956,898,-4148,-600,910,1821
-320,-2992,7165,3199,779,-4153,-638,869,1826
-320,-2992,7165,3370,628,-4068,-625,835,1834
-320,-2992,7165,3542,538,-4083,-571,819,1874
-320,-2992,7165,3800,360,-4349,-523,804,1927
-320,-2992,7165,3977,299,-4492,-492,798,1990
-320,-2992,7165,4020,406,-4752,-521,759,2015
-1057,-2978,7002,4063,417,-4854,-582,727,2277
-1057,-2978,7002,4090,476,-4902,-616,698,2283
-1057,-2978,7002,4104,646,-5016,-670,669,2288
-1057,-2978,7002,4151,843,-5060,-730,665,2050
-1057,-2978,7002,4021,977,-5025,-810,649,2034
-1057,-2978,7002,3842,1096,-5077,-862,631,1990
-1057,-2978,7002,3812,1082,-5322,-914,596,1961
-1057,-2978,7002,3881,961,-5369,-928,586,1952
-1057,-2978,7002,3879,871,-5108,-887,566,1949
-1745,-2840,6719,3891,783,-5192,-853,545,1943
-1745,-2840,6719,3970,598,-5239,-826,534,1957
-1745,-2840,6719,4076,494,-5311,-797,487,1997
-1745,-2840,6719,4218,496,-5401,-772,462,2019
-1745,-2840,6719,4348,269,-5508,-773,428,2048
-1745,-2840,6719,4439,79,-5517,-746,394,2086
-1745,-2840,6719,4474,-24,-5477,-733,348,2133
-1745,-2840,6719,4588,-202,-5533,-704,316,2176
-1745,-2840,6719,4649,-215,-5545,-660,268,2226
-2265,-2514,6526,4683,-221,-5596,-672,223,2258
-2265,-2514,6526,4771,-341,-5730,-724,182,2304
-2265,-2514,6526,4829,-275,-5758,-763,95,2323
-2265,-2514,6526,4869,-25,-5838,-821,22,2345
-2265,-2514,6526,4883,-326,-5876,-846,-72,2356
-2265,-2514,6526,4929,-395,-5827,-873,-176,2372
-2265,-2514,6526,4910,-330,-6038,-856,-279,2380
-2265,-2514,6526,4894,-302,-5919,-850,-381,2394
-2265,-2514,6526,4908,-310,-5936,-848,-492,2391
-2553,-1990,6422,4895,-233,-5813,-804,-591,2395
-2553,-1990,6422,4834,-278,-5816,-775,-696,2408
-2553,-1990,6422,4736,-378,-5623,-732,-793,2387
-2553,-1990,6422,4716,-519,-5470,-680,-873,2399
-2553,-1990,6422,4615,-688,-5284,-662,-957,2405
-2553,-1990,6422,4483,-785,-4983,-606,-1020,2407
-2553,-1990,6422,4562,-772,-4921,-583,-1083,2436
-2553,-1990,6422,4314,-764,-4770,-558,-1125,2448
-2553,-1990,6422,4278,-774,-4562,-575,-1145,2446
-2429,-1404,6602,4104,-784,-4456,-562,-1174,2454
-2429,-1404,6602,4040,-776,-4448,-560,-1197,2456
-2429,-1404,6602,3976,-636,-4275,-601,-1224,2421
-2429,-1404,6602,3808,-612,-4204,-635,-1248,2393
-2429,-1404,6602,3709,-543,-4081,-662,-1261,2361
-2429,-1404,6602,3548,-448,-3842,-688,-1255,2324
-2429,-1404,6602,3355,-487,-3657,-686,-1228,2298
-2429,-1404,6602,3199,-411,-3819,-675,-1227,2284
-2429,-1404,6602,3126,-360,-3801,-660,-1186,2241
-2020,-933,6959,2806,-308,-3834,-614,-1170,2204
-2020,-933,6959,2699,-303,-3931,-541,-1169,2161
-2020,-933,6959,2628,-275,-3990,-467,-1164,2119
-2020,-933,6959,2567,-393,-3885,-370,-1164,2073
-2020,-933,6959,2484,-548,-3904,-280,-1138,2295
-2020,-933,6959,2400,-554,-3966,-172,-1125,2042
-2020,-933,6959,2252,-628,-3959,-64,-1124,2040
-2020,-933,6959,2169,-751,-3788,-9,-1091,2032
-2020,-933,6959,2056,-536,-3795,24,-1069,2017
-1496,-609,7119,1979,-953,-3749,45,-1038,2007
-1496,-609,7119,1895,-941,-3842,54,-1036,2026
-1496,-609,7119,1913,-814,-3770,71,-1035,2022
-1496,-609,7119,1921,-623,-3887,90,-1033,2014
-1496,-609,7119,1946,-438,-3872,91,-1041,2002
-1496,-609,7119,1981,-291,-3924,100,-1050,1985
-1496,-609,7119,1891,-297,-4003,128,-1080,1964
-1496,-609,7119,1817,-229,-3967,92,-1114,1933
-1496,-609,7119,1836,-270,-3991,66,-1158,1910
-984,-324,7257,1953,-365,-3904,59,-1181,1914
-892,-324,7257,1956,-486,-3865,78,-1203,1907
-892,-324,7257,2004,-486,-3861,168,-1214,1915
-892,-324,7257,1972,-410,-3832,487,-1230,1926
-892,-324,7257,2189,-43,-3137,353,-1248,1924
-892,-324,7257,1678,-136,-3610,422,-1239,1927
-892,-324,7257,1638,8,-3269,483,-1228,1927
-892,-324,7257,1521,-35,-3178,515,-1214,1920
-892,-324,7257,1359,-51,-3108,556,-1178,1930
-892,-324,7257,1316,-130,-3071,591,-1157,1933
-137,-127,7277,1255,-131,-2975,652,-1109,1951
-137,-127,7277,1196,-176,-2980,700,-1068,1960
-137,-127,7277,1068,-78,-2982,736,-1007,1973
-137,-127,7277,1043,41,-3040,744,-977,1971
-137,-127,7277,965,31,-2877,1012,-943,1976
-137,-127,7277,930,-28,-2833,801,-904,1983
-137,-127,7277,839,-104,-2721,842,-861,1975
-137,-127,7277,800,-63,-2642,901,-816,1990
-137,-127,7277,735,-105,-2629,953,-773,1988
591,36,7101,661,-102,-2490,998,-735,1991
591,36,7101,694,-132,-2493,1034,-679,1981
591,36,7101,677,-269,-2420,1087,-638,2009
591,36,7101,709,-341,-2394,1109,-565,2031
591,36,7101,705,-339,-2273,1111,-519,2025
591,36,7101,730,-344,-2355,1096,-451,2021
591,36,7101,755,-355,-2397,1091,-412,2019
591,36,7101,815,-463,-2597,1036,-375,2017
591,36,7101,820,-513,-2768,1037,-328,2044
1185,150,6874,822,-588,-2916,1024,-307,2065
1185,150,6874,903,-723,-2830,1053,-293,2099
1185,150,6874,810,-766,-2703,1077,-276,2121
1185,150,6874,659,-815,-2681,1086,-254,2161
1185,150,6874,633,-861,-2574,1081,-208,2202
1185,150,6874,683,-915,-2500,1101,-175,2229
1185,150,6874,790,-870,-2473,1083,-113,2263
1185,150,6874,916,-804,-2226,1072,-65,2281
1185,150,6874,875,-660,-2100,1079,2,2303
1677,24,6612,531,-443,-2066,1070,81,2288
1677,24,6612,692,-256,-2014,1035,142,2259
1677,24,6612,670,-20,-2001,987,214,2220
1677,24,6612,598,74,-1907,995,296,2224
1677,24,6612,629,55,-2005,979,368,2175
1677,24,6612,669,77,-1982,963,448,2121
1677,24,6612,749,57,-1963,923,531,2086
1677,24,6612,890,-18,-2033,955,621,2040
1677,24,6612,930,-22,-2080,982,717,2018
2030,-290,6571,1246,-96,-2297,981,797,2010
2030,-290,6571,1029,-79,-2364,971,887,2007
2030,-290,6571,1107,-99,-2533,964,956,1995
2030,-290,6571,1099,-167,-2649,923,1011,2004
2030,-290,6571,1070,-76,-2586,878,1059,2003
2030,-290,6571,1209,-165,-2898,803,1086,1990
2030,-290,6571,1191,-237,-2945,751,1112,1983
2030,-290,6571,1216,-230,-3088,704,1140,1986
2030,-290,6571,1227,-258,-3123,642,1157,1980
1986,-501,6760,1309,-343,-3118,520,1175,1967
1986,-501,6760,1349,-433,-3108,471,1201,1988
1986,-501,6760,1436,-408,-3014,443,1227,1992
1986,-501,6760,1616,-342,-3153,412,1258,1998
1986,-501,6760,1762,-304,-3283,370,1291,1997
1986,-501,6760,1912,-286,-3402,311,1329,2057
1986,-501,6760,2046,-133,-3412,260,1346,2072
1986,-501,6760,2276,-130,-3568,231,1367,2070
1986,-501,6760,2345,-105,-3566,207,1391,2081
1793,-903,6983,2418,70,-3702,186,1396,2091
1793,-903,6983,2495,321,-3713,141,1404,2100
1793,-903,6983,2499,469,-3789,73,1420,2137
1793,-903,6983,2539,553,-3874,30,1412,2131
1793,-903,6983,2534,646,-3968,-30,1423,2122
1793,-903,6983,2649,687,-3984,-64,1422,2103
1793,-903,6983,2761,657,-4031,-91,1407,2091
1793,-903,6983,2869,829,-4305,-96,1403,2079
1793,-903,6983,2913,855,-4267,-133,1391,2061
1381,-1337,7259,3143,877,-4413,-156,1367,2042
1381,-1337,7259,3352,838,-4445,-120,1348,2297
1381,-1337,7259,3515,743,-4643,-53,1329,1801
1381,-1337,7259,3508,792,-4586,-14,1281,2303
1381,-1337,7259,3515,895,-4741,-3,1246,2062
1381,-1337,7259,3511,901,-4917,-56,1195,2044
1381,-1337,7259,3438,1050,-5016,-188,1133,2000
1381,-1337,7259,3355,1175,-5112,-360,1054,1941
1381,-1337,7259,3374,1230,-4921,-457,985,1919
824,-1644,7455,3451,1195,-4931,-520,927,1884
824,-1644,7455,3433,1222,-4633,-494,881,1860
824,-1644,7455,3346,1204,-4555,-439,845,1857
824,-1644,7455,3450,1079,-4500,-422,831,1856
824,-1644,7455,3420,998,-4645,-425,805,1847
824,-1644,7455,3515,727,-4681,-411,791,1847
824,-1644,7455,3771,472,-4672,-365,768,1856
824,-1644,7455,3756,298,-4650,-298,760,1881
824,-1644,7455,3885,103,-4799,-235,754,1924
369,-1956,7535,3993,31,-5065,-262,754,1947
369,-1956,7535,4140,55,-5224,-312,725,1955
369,-1956,7535,4232,6,-5316,-407,702,1964
369,-1956,7535,4212,228,-5534,-458,687,2004
369,-1956,7535,4163,-121,-5632,-571,627,2012
369,-1956,7535,4226,-486,-5667,-617,580,2026
369,-1956,7535,4309,-389,-5767,-583,526,2075
369,-1956,7535,4283,-407,-6100,-562,484,2095
369,-1956,7535,4278,-456,-5913,-548,416,2110
-99,-2138,7524,4352,-554,-6060,-591,349,2117
-99,-2138,7524,4487,-678,-6097,-634,282,2137
-99,-2138,7524,4486,-735,-6097,-656,204,2165
-99,-2138,7524,4640,-845,-6193,-672,126,2191
-99,-2138,7524,4719,-998,-6220,-697,55,2239
-99,-2138,7524,4686,-1055,-6341,-698,-27,2277
-99,-2138,7524,4655,-1001,-6293,-728,-109,2294
-99,-2138,7524,4637,-938,-6285,-770,-201,2323
-99,-2138,7524,4369,-923,-6208,-814,-289,2336
-403,-2343,7486,4519,-897,-6079,-796,-369,2371
-403,-2343,7486,4463,-723,-5954,-801,-448,2365
-403,-2343,7486,4315,-651,-5848,-819,-515,2343
-403,-2343,7486,4232,-502,-5800,-840,-581,2311
-403,-2343,7486,3968,-522,-5608,-874,-649,2282
-403,-2343,7486,3875,-451,-5540,-916,-708,2248
-403,-2343,7486,3787,-349,-5421,-909,-788,2207
-403,-2343,7486,3566,-372,-5216,-913,-838,2165
-403,-2343,7486,3482,-446,-5112,-869,-889,2113
-526,-2486,7462,3323,-443,-4933,-787,-918,2080
-526,-2486,7462,3235,-515,-4846,-686,-951,2061
-526,-2486,7462,3165,-531,-4899,-589,-965,2069
-526,-2486,7462,3129,-611,-4931,-472,-986,2054
-526,-2486,7462,2992,-582,-4983,-395,-1269,2044
-526,-2486,7462,2984,-630,-4974,-321,-1048,2045
-526,-2486,7462,2973,-613,-4914,-269,-1101,2049
-526,-2486,7462,2936,-646,-5051,-251,-1140,2046
-526,-2486,7462,3045,-529,-4840,-13,-1173,2044
-447,-2558,7400,2944,-687,-4900,-12,-1212,2035
-447,-2558,7400,2895,-672,-4812,-286,-1257,2023
-447,-2558,7400,2896,-618,-4973,-356,-1311,2008
-447,-2558,7400,2871,-470,-4798,-375,-1355,1984
-447,-2558,7400,2814,-244,-4821,-382,-1410,1959
-447,-2558,7400,2684,-158,-4860,-378,-1463,1928
-447,-2558,7400,2641,-107,-4604,-355,-1498,1916
-447,-2558,7400,2700,-136,-4582,-225,-1526,1908
-447,-2558,7400,2663,-167,-4512,-85,-1544,1972
-241,-2602,7392,2702,-102,-4542,60,-1551,1957
-241,-2602,7392,2622,-16,-4486,147,-1565,1968
-241,-2602,7392,2546,66,-4425,215,-1589,1955
-241,-2602,7392,2426,-50,-4518,258,-1585,1946
-241,-2602,7392,2361,345,-4134,297,-1599,1922
-241,-2602,7392,2112,406,-3869,307,-1581,1898
-241,-2602,7392,1920,382,-3738,334,-1551,1864
-241,-2602,7392,1706,250,-3623,299,-1508,1835
-241,-2602,7392,1460,147,-3475,353,-1458,1817
82,-2473,7422,1312,54,-3417,410,-1407,1819
82,-2473,7422,1232,-29,-3263,484,-1350,1802
82,-2473,7422,1125,39,-3083,559,-1285,1798
82,-2473,7422,988,-30,-3044,619,-1222,1811
82,-2473,7422,1013,-57,-3304,669,-1160,1798
82,-2473,7422,1028,-108,-3266,668,-1089,1795
82,-2473,7422,908,-218,-3514,651,-1027,1796
82,-2473,7422,889,-473,-3514,640,-977,1808
82,-2473,7422,856,-290,-3216,604,-943,1803
270,-2291,7505,877,-349,-3261,611,-901,1811
270,-2291,7505,842,-158,-3168,641,-841,1817
270,-2291,7505,857,-96,-3142,634,-800,1820
270,-2291,7505,761,-31,-2867,655,-758,1796
270,-2291,7505,773,-49,-2778,695,-717,1807
270,-2291,7505,517,-203,-2799,734,-683,1809
270,-2291,7505,755,-131,-2757,749,-644,1810
270,-2291,7505,755,-161,-2757,744,-617,1824
270,-2291,7505,665,-279,-2498,761,-588,1819
358,-2120,7488,514,-386,-2839,738,-564,1850
358,-2120,7488,717,-541,-3378,720,-560,1875
358,-2120,7488,898,-472,-2923,724,-536,1871
358,-2120,7488,620,-366,-2733,748,-527,1903
358,-2120,7488,525,-519,-3023,806,-755,1918
358,-2120,7488,676,-494,-2756,842,-473,1937
358,-2120,7488,676,-260,-2513,934,-441,1961
358,-2120,7488,704,-244,-2554,1013,-400,1968
358,-2120,7488,572,-252,-2472,1101,-374,1971
358,-2120,7488,501,-225,-2328,1110,-335,1995
409,-1865,7552,426,-186,-2252,1139,-300,2005
409,-1865,7552,332,-294,-2163,1127,-258,1983
409,-1865,7552,209,-501,-2341,1106,-211,1996
409,-1865,7552,253,-741,-1761,1097,-153,2030
409,-1865,7552,558,-958,-2421,1122,-82,2073
409,-1865,7552,528,-1070,-2077,1192,-31,2119
409,-1865,7552,599,-849,-2135,1239,41,2153
409,-1865,7552,570,-370,-2220,1277,101,2155
409,-1865,7552,471,-185,-2010,1316,183,2147
296,-1506,7588,478,32,-2025,1333,258,2132
296,-1506,7588,546,200,-1966,1334,330,2076
296,-1506,7588,674,270,-2494,1269,394,2017
296,-1506,7588,652,256,-2341,1193,448,1954
296,-1506,7588,439,137,-2111,1089,507,1886
296,-1506,7588,661,129,-2075,986,569,1826
296,-1506,7588,558,-66,-2053,924,620,1820
296,-1506,7588,470,-314,-2005,895,691,1801
296,-1506,7588,565,-507,-2184,940,754,1804
121,-1132,7597,977,-559,-2103,963,804,1825
121,-1132,7597,992,-730,-2292,999,848,1860
121,-1132,7597,864,-742,-2482,993,908,1891
121,-1132,7597,932,-739,-2514,1017,958,1897
121,-1132,7597,1083,-580,-2486,993,996,1903
121,-1132,7597,1201,-462,-2626,968,1031,1893
121,-1132,7597,1253,-234,-2905,938,1070,1893
121,-1132,7597,1341,-143,-3071,910,1090,1880
121,-1132,7597,1276,-88,-3119,889,1111,1865
-217,-700,7553,1340,-90,-3289,875,1111,1855
-217,-700,7553,1356,-170,-3410,814,1112,1840
-217,-700,7553,1405,-205,-3567,734,1114,1831
-217,-700,7553,1509,-181,-3663,605,1128,1825
-217,-700,7553,1566,-150,-3701,511,1149,1812
-217,-700,7553,1608,-20,-3741,465,1143,1797
-217,-700,7553,1587,155,-3744,396,1172,2040
-217,-700,7553,1485,363,-3639,323,1196,2026
-217,-700,7553,1580,470,-3628,245,1216,1766
-507,-419,7434,1681,447,-3890,187,1213,1737
-507,-419,7434,1831,257,-4024,107,1197,1713
-507,-419,7434,1902,192,-4092,59,1191,1727
-507,-419,7434,1957,67,-4170,10,1170,1759
-507,-419,7434,2034,-174,-4269,35,1173,1802
-507,-419,7434,2006,-113,-4311,101,1171,1853
-507,-419,7434,2030,174,-4365,159,1183,1893
-507,-419,7434,2001,418,-4457,141,1176,1904
-507,-419,7434,1801,735,-4526,135,1178,1899
-716,-258,7293,2003,937,-4562,122,1172,1866
-716,-258,7293,1868,1042,-4670,64,1159,1834
-716,-258,7293,2026,1086,-4703,-29,1120,1803
-716,-258,7293,2025,1021,-4632,-76,1105,2035
-716,-258,7293,2037,985,-4624,-87,1080,1775
-716,-258,7293,2133,919,-4584,-137,1065,1757
-716,-258,7293,2259,623,-4505,-197,1050,1743
-716,-258,7293,2472,382,-4519,-247,1035,1747
-716,-258,7293,2579,323,-4523,-266,1039,1778
-865,-126,7220,2693,294,-4521,-322,1058,1805
-865,-126,7220,2797,299,-4787,-400,1052,1820
-865,-126,7220,2769,285,-4761,-471,1041,1843
-865,-126,7220,2817,357,-4763,-537,1014,1865
-865,-126,7220,2820,560,-4773,-577,989,1900
-865,-126,7220,2848,596,-4813,-583,957,1945
-865,-126,7220,2931,671,-4940,-586,915,1965
-865,-126,7220,3021,637,-4999,-611,849,1973
-865,-126,7220,3169,465,-4935,-637,795,1995
-936,-80,7206,3373,407,-4891,-609,736,2023
-936,-80,7206,3433,467,-4889,-547,680,2052
-936,-80,7206,3517,495,-4725,-435,648,2072
-936,-80,7206,3626,366,-4780,-348,627,2107
-936,-80,7206,3791,333,-4761,-277,605,2122
-936,-80,7206,3887,411,-4880,-219,595,2142
-936,-80,7206,3847,329,-4859,-207,573,2154
-936,-80,7206,3961,249,-4899,-215,561,2159
-936,-80,7206,3927,113,-5057,-278,552,2172
-776,-12,7200,3770,-70,-4989,-350,536,2174
-776,-12,7200,3759,-225,-5069,-436,273,2160
-776,-12,7200,3756,-296,-5150,-504,499,2153
-776,-12,7200,3756,-332,-5340,-562,482,2143
-776,-12,7200,3660,-512,-5443,-619,477,2147
-776,-12,7200,3688,-592,-5708,-655,468,2156
-776,-12,7200,3754,-545,-5872,-722,431,2151
-776,-12,7200,3750,-463,-6112,-766,396,2141
-776,-12,7200,3715,-361,-6154,-848,356,2131
-584,-31,7199,3604,-270,-6243,-890,288,2091
-584,-31,7199,3486,-166,-6122,-866,229,2072
-584,-31,7199,3376,-180,-5997,-842,169,2056
-584,-31,7199,3357,-191,-6061,-814,102,2025
-584,-31,7199,3355,-301,-6056,-791,41,2006
-584,-31,7199,3409,-269,-5927,-764,-19,1987
-584,-31,7199,3431,-509,-6007,-764,-65,1976
-584,-31,7199,3484,-906,-6116,-745,-108,1970
-584,-31,7199,3530,-1134,-6377,-702,-177,2005
-247,-267,7358,3597,-1147,-6115,-671,-233,2040
-247,-267,7358,3581,-1391,-5967,-640,-288,2067
-247,-267,7358,3585,-1399,-5891,-635,-356,2102
-247,-267,7358,3518,-1520,-5747,-667,-398,2116
-247,-267,7358,3551,-1385,-5595,-698,-468,2149
-247,-267,7358,3548,-1252,-5715,-718,-536,2170
-247,-267,7358,3493,-1073,-5576,-743,-614,2176
-247,-267,7358,3483,-777,-5567,-754,-676,2198
-247,-267,7358,3459,-493,-5407,-539,-754,2180
241,-559,7417,3407,-273,-5391,-828,-820,2160
241,-559,7417,3372,-207,-5323,-820,-887,2143
241,-559,7417,3423,-144,-5242,-764,-943,2142
241,-559,7417,3542,69,-5199,-669,-977,2138
241,-559,7417,3631,258,-5328,-495,-1005,2126
241,-559,7417,3601,7,-5323,-415,-1045,2116
241,-559,7417,3557,149,-5460,-354,-1073,2102
241,-559,7417,3539,179,-5464,-344,-1132,2082
241,-559,7417,3403,261,-5410,-354,-1195,2063
1009,-934,7378,3257,186,-5113,-353,-1247,2036
835,-934,7378,3170,287,-5069,-363,-1309,1995
835,-934,7378,3075,341,-4948,-344,-1354,1958
835,-934,7378,2868,391,-4994,-349,-1411,1919
835,-934,7378,2891,513,-4770,-336,-1448,1880
835,-934,7378,2853,553,-4558,-322,-1494,1812
835,-934,7378,2660,496,-4429,-282,-1516,1779
835,-934,7378,2606,424,-4133,-261,-1547,1734
835,-934,7378,2602,96,-4255,-254,-1539,1709
835,-934,7378,2399,95,-4270,-163,-1562,1700
1465,-1348,7269,2432,-112,-4202,-108,-1571,1678
1465,-1348,7269,2418,-212,-4218,-35,-1583,1666
1465,-1348,7269,2357,-277,-3869,7,-1593,1656
1465,-1348,7269,2261,-307,-3906,77,-1583,1672
1465,-1348,7269,2195,-7,-3535,151,-1566,1678
1465,-1348,7269,2222,-409,-3479,186,-1536,1664
1465,-1348,7269,2054,-476,-3566,199,-1496,1662
1465,-1348,7269,1932,-360,-3607,179,-1464,1670
1465,-1348,7269,1910,-314,-3654,185,-1465,1672
2014,-1677,6928,1840,-190,-3695,212,-1439,1691
2014,-1677,6928,1743,95,-3744,279,-1453,1688
2014,-1677,6928,1615,239,-3689,348,-1435,1692
2014,-1677,6928,1524,304,-3574,409,-1454,1708
2014,-1677,6928,1536,324,-3398,478,-1447,1696
2014,-1677,6928,1479,377,-3277,589,-1437,1687
2014,-1677,6928,1400,432,-3281,668,-1414,1678
2014,-1677,6928,1311,501,-3135,738,-1394,1659
2014,-1677,6928,1341,463,-3177,810,-1366,1669
2354,-2014,6588,1274,468,-2933,907,-1354,1661
2354,-2014,6588,1291,402,-2808,969,-1326,1664
2354,-2014,6588,1058,266,-2648,1273,-1279,1645
2354,-2014,6588,863,253,-2366,1093,-1226,1660
2354,-2014,6588,679,196,-2079,1115,-1166,1648
2354,-2014,6588,515,197,-1800,1109,-1086,1650
2354,-2014,6588,308,86,-1674,1078,-1011,1675
2354,-2014,6588,249,23,-1457,1082,-891,1663
2354,-2014,6588,205,25,-1298,1082,-780,1669
2559,-2253,6362,117,50,-1246,1102,-670,1664
2559,-2253,6362,28,210,-1063,1106,-558,1648
2559,-2253,6362,-107,282,-921,1127,-426,1625
2559,-2253,6362,-209,353,-1005,1124,-294,1601
2559,-2253,6362,-318,368,-892,1092,-173,1570
2559,-2253,6362,-318,296,-958,1048,-53,1791
2559,-2253,6362,-308,346,-1056,969,63,1524
2559,-2253,6362,-333,223,-1167,905,183,1491
2559,-2253,6362,-352,158,-1349,846,274,1449
2384,-2491,6353,-414,62,-1533,818,364,1432
2384,-2491,6353,-509,-52,-1743,789,442,1431
2384,-2491,6353,-563,-142,-1899,775,498,1426
2384,-2491,6353,-561,-113,-2212,760,534,1423
2384,-2491,6353,-702,-118,-2145,778,570,1426
2384,-2491,6353,-575,-121,-2452,764,612,1426
2384,-2491,6353,-711,194,-2878,746,629,1419
2384,-2491,6353,-572,-92,-2803,777,627,1412
2384,-2491,6353,-609,193,-3034,784,642,1402
1994,-2721,6645,-360,390,-3034,773,622,1364
1994,-2721,6645,-296,239,-2798,753,631,1336
1994,-2721,6645,-329,363,-3082,743,626,1302
1994,-2721,6645,-67,269,-2966,703,610,1272
1994,-2721,6645,-620,580,-3944,664,618,1239
1994,-2721,6645,-617,745,-2543,698,626,1197
1994,-2721,6645,-646,1036,-2767,666,634,1164
1994,-2721,6645,-568,828,-2778,616,674,1116
1994,-2721,6645,-474,876,-2465,590,660,1048
1574,-2744,6916,-825,1019,-2095,570,699,993
1574,-2744,6916,-704,873,-2513,562,722,936
1574,-2744,6916,-704,965,-2177,542,763,872
1574,-2744,6916,-731,722,-2362,496,803,818
1574,-2744,6916,-766,613,-2273,455,847,770
1574,-2744,6916,-316,594,-2315,438,902,742
1574,-2744,6916,-220,463,-2135,427,963,712
1574,-2744,6916,-89,429,-2208,440,1014,685
1574,-2744,6916,-49,298,-2282,422,1063,668
1098,-2764,7139,-22,254,-2410,428,1098,652
1098,-2764,7139,237,322,-2616,429,1131,634
1098,-2764,7139,15,269,-2777,404,1161,607
1098,-2764,7139,88,504,-2796,384,1159,583
1098,-2764,7139,30,652,-2938,341,1161,555
1098,-2764,7139,-4,674,-3023,316,1154,516
1098,-2764,7139,6,790,-2980,311,1157,743
1098,-2764,7139,136,662,-3127,281,1163,483
1098,-2764,7139,335,519,-3281,269,1167,455
488,-2672,7297,480,400,-3271,275,1156,439
488,-2672,7297,586,494,-3216,284,1165,448
488,-2672,7297,677,467,-3288,298,1170,435
488,-2672,7297,703,501,-3408,298,1190,419
488,-2672,7297,765,555,-3509,294,1186,399
488,-2672,7297,880,538,-3740,314,1185,385
488,-2672,7297,965,479,-3975,326,1161,359
488,-2672,7297,1061,632,-4118,290,1133,320
488,-2672,7297,1156,978,-4266,496,1082,281
-99,-2575,7386,1136,1271,-4493,172,1048,211
-99,-2575,7386,1205,1639,-4776,65,997,145
-99,-2575,7386,1320,1560,-4957,-3,932,53
-99,-2575,7386,1544,1470,-5026,-2,870,-3
-99,-2575,7386,1550,1424,-5119,45,807,-62
-99,-2575,7386,1504,1400,-5071,88,760,-121
-99,-2575,7386,1396,1430,-5136,141,705,-201
-99,-2575,7386,1365,1327,-5076,139,661,-263
-99,-2575,7386,1525,1327,-5170,197,626,-328
-514,-2545,7350,1447,1299,-5396,245,595,-374
-514,-2545,7350,1287,1487,-5277,273,562,-447
-514,-2545,7350,1304,1730,-5392,247,519,-287
-514,-2545,7350,1439,1553,-5496,223,489,-615
-514,-2545,7350,1412,1438,-5416,255,457,-627
-514,-2545,7350,1309,1365,-5171,269,448,-697
-514,-2545,7350,1328,1328,-4986,215,440,-781
-514,-2545,7350,1574,1184,-5039,230,456,-841
-514,-2545,7350,1664,1248,-5077,232,470,-897
-700,-2516,7335,1740,1538,-4996,176,489,-953
-700,-2516,7335,1844,1424,-4761,217,520,-1028
-700,-2516,7335,1822,1320,-4855,276,564,-1084
-700,-2516,7335,1792,1154,-4897,313,598,-1147
-700,-2516,7335,1934,1138,-5137,303,609,-1174
-700,-2516,7335,2072,1154,-5213,260,605,-1250
-700,-2516,7335,2170,1306,-5249,223,620,-1325
-700,-2516,7335,2368,1295,-5264,281,593,-1394
-700,-2516,7335,2453,1291,-5481,329,587,-1457
-783,-2564,7290,2463,1279,-5826,356,569,-1510
-783,-2564,7290,2573,871,-5740,400,513,-1564
-783,-2564,7290,2670,632,-5939,388,456,-1616
-783,-2564,7290,2629,419,-6019,333,375,-1681
-783,-2564,7290,2784,310,-6281,248,296,-1722
-783,-2564,7290,2780,734,-6379,175,216,-1765
-783,-2564,7290,2890,431,-6328,153,144,-1808
-783,-2564,7290,2961,511,-6385,211,66,-1846
-783,-2564,7290,2940,584,-6544,269,-13,-1874
-723,-2639,7256,3004,598,-6416,311,-92,-1898
-723,-2639,7256,2970,518,-6304,388,-171,-1897
-723,-2639,7256,2995,595,-6176,423,-238,-1913
-723,-2639,7256,2960,684,-5857,469,-307,-1936
-723,-2639,7256,2892,630,-5570,480,-368,-1944
-723,-2639,7256,2830,670,-5425,479,-403,-1978
-723,-2639,7256,2840,512,-5117,766,-429,-2012
-723,-2639,7256,2890,358,-5201,549,-441,-2039
-723,-2639,7256,2908,389,-5128,757,-466,-2084
-396,-2638,7331,2917,289,-5214,517,-485,-2094
-396,-2638,7331,2996,85,-5198,476,-518,-2105
-396,-2638,7331,3018,258,-5219,479,-544,-2127
-396,-2638,7331,3004,276,-5230,471,-572,-2144
-396,-2638,7331,3068,390,-5164,458,-616,-2165
-396,-2638,7331,3136,370,-5260,483,-648,-2177
-396,-2638,7331,3151,315,-5399,503,-679,-2173
-396,-2638,7331,3135,275,-5570,506,-732,-2155
-396,-2638,7331,3157,211,-5407,489,-787,-2140
77,-2539,7387,3117,189,-5327,509,-837,-2119
77,-2539,7387,3135,25,-5307,489,-908,-2097
77,-2539,7387,3091,79,-5375,486,-919,-2083
77,-2539,7387,3011,77,-5094,486,-950,-2063
77,-2539,7387,2944,81,-5102,480,-993,-2060
77,-2539,7387,2877,-81,-5073,448,-1008,-2039
77,-2539,7387,2879,-31,-5133,427,-1028,-2037
77,-2539,7387,2841,-105,-5180,376,-1048,-2020
77,-2539,7387,2779,-283,-5173,328,-1071,-2008
658,-2303,7388,2899,-189,-5414,307,-1097,-1960
658,-2303,7388,2817,13,-5453,305,-1134,-1926
658,-2303,7388,2703,-359,-5384,281,-1182,-1902
658,-2303,7388,2603,-195,-5618,288,-1222,-1855
658,-2303,7388,2484,-168,-5160,301,-1271,-1809
658,-2303,7388,2539,-65,-5174,306,-1332,-1776
658,-2303,7388,2421,117,-5092,280,-1361,-1756
658,-2303,7388,2493,303,-4930,243,-1386,-1758
658,-2303,7388,2462,408,-4933,216,-1411,-1756
1272,-1992,7263,2350,390,-4705,495,-1429,-1748
1272,-1992,7263,2361,286,-4615,313,-1440,-1721
1272,-1992,7263,2229,286,-4566,391,-1444,-1695
1272,-1992,7263,2151,29,-4235,436,-1461,-1663
1272,-1992,7263,2055,-5,-4036,437,-1480,-1621
1272,-1992,7263,2244,69,-3970,455,-1467,-1591
1272,-1992,7263,1912,-75,-4012,467,-1456,-1546
1272,-1992,7263,1824,-69,-4063,454,-1457,-1520
1272,-1992,7263,1773,-123,-4002,411,-1459,-1486
1853,-1654,7034,1801,-83,-3912,344,-1466,-1444
1853,-1654,7034,1742,-64,-3887,262,-1460,-1438
1853,-1654,7034,1628,-84,-3871,187,-1481,-1410
1853,-1654,7034,1465,-133,-3645,127,-1474,-1372
1853,-1654,7034,1452,-24,-3795,57,-1467,-1364
1853,-1654,7034,1402,-142,-3422,-32,-1456,-1371
1853,-1654,7034,1209,-101,-3100,-99,-1431,-1354
1853,-1654,7034,1170,-188,-3186,-109,-1412,-1335
1853,-1654,7034,919,-295,-3222,-75,-1396,-1310
2283,-1267,6635,878,-222,-3191,-98,-1381,-1036
2283,-1267,6635,801,-171,-3156,-105,-1362,-1271
2283,-1267,6635,659,-171,-3027,-131,-1355,-1277
2283,-1267,6635,562,-240,-2875,-154,-1335,-1270
2283,-1267,6635,433,-123,-2694,-201,-1300,-1223
2283,-1267,6635,416,-98,-2711,-259,-1260,-1250
2283,-1267,6635,435,-67,-2791,-349,-1227,-1261
2283,-1267,6635,406,58,-2738,-417,-1205,-1302
2283,-1267,6635,443,165,-2638,-390,-1183,-1323
2283,-1267,6310,426,206,-2605,-373,-1155,-1332
2569,-996,6310,407,169,-2355,-360,-1117,-1357
2569,-996,6310,283,-65,-2287,-367,-1076,-1378
2569,-996,6310,473,-162,-1969,-378,-1011,-1392
2569,-996,6310,180,-294,-1919,-396,-939,-1399
2569,-996,6310,73,-389,-1815,-426,-862,-1411
2569,-996,6310,-75,-381,-1761,-464,-778,-1424
2569,-996,6310,-149,-379,-1782,-507,-705,-1403
2569,-996,6310,-197,-295,-1546,-522,-649,-1413
2569,-996,6310,-184,-194,-2025,-549,-579,-1426
2632,-715,6122,-237,-49,-1643,-569,-509,-1440
2632,-715,6122,-284,26,-1577,-582,-457,-1468
2632,-715,6122,-325,109,-1426,-595,-393,-1510
2632,-715,6122,-334,276,-1440,-630,-318,-1570
2632,-715,6122,-319,313,-1301,-659,-234,-1602
2632,-715,6122,-328,32,-1279,-657,-161,-1635
2632,-715,6122,-286,160,-1235,-679,-89,-1667
2632,-715,6122,-220,54,-1227,-670,-11,-1683
2632,-715,6122,-191,-141,-1345,-689,56,-1717
2509,-453,6109,-171,-293,-1441,-711,122,-1726
2509,-453,6109,-27,-365,-1572,-721,196,-1707
2509,-453,6109,30,-302,-1730,-709,253,-1712
2509,-453,6109,3,-125,-1847,-690,298,-1725
2509,-453,6109,-80,80,-2059,-657,355,-1740
2509,-453,6109,-95,137,-2209,-612,373,-1762
2509,-453,6109,232,176,-2313,-606,403,-1792
2509,-453,6109,70,214,-2605,-596,423,-1813
2509,-453,6109,194,300,-2721,-623,433,-1845
2133,-132,6383,376,498,-2849,-658,437,-1902
2133,-132,6383,552,776,-2995,-748,443,-1978
2133,-132,6383,771,857,-3082,-852,455,-2063
2133,-132,6383,886,800,-3239,-967,447,-2149
2133,-132,6383,1036,634,-3574,-1066,462,-2192
2133,-132,6383,1135,359,-3246,-1143,462,-2251
2133,-132,6383,1222,216,-3133,-1180,496,-2280
2133,-132,6383,1351,78,-3124,-1137,526,-2293
2133,-132,6383,1292,51,-2919,-1107,575,-2282
1576,111,6751,1346,94,-2913,-1023,638,-2296
1576,111,6751,1319,157,-2800,-886,680,-2286
1576,111,6751,1362,214,-2758,-518,755,-2281
1576,111,6751,1451,289,-2761,-615,830,-2292
1576,111,6751,1610,359,-2746,-555,899,-2319
1576,111,6751,1723,577,-2772,-555,971,-2340
1576,111,6751,1893,693,-2809,-512,1021,-2394
1576,111,6751,2064,628,-2883,-516,1090,-2439
1576,111,6751,2168,364,-2929,-480,1147,-2478
771,201,7014,2301,62,-3088,-440,1202,-2489
771,201,7014,2411,-277,-3200,-389,1242,-2481
771,201,7014,2548,-370,-3388,-316,1269,-2456
771,201,7014,2743,-267,-3539,-243,1300,-2430
771,201,7014,2942,-70,-3578,-187,1333,-2414
771,201,7014,3056,213,-3788,-120,1358,-2402
771,201,7014,3168,423,-3994,-107,1377,-2426
771,201,7014,3246,350,-4047,-102,1377,-2448
771,201,7014,3092,60,-4175,-46,1371,-2468
-198,190,7193,3435,-169,-4484,-25,1362,-2458
-198,190,7193,3542,-208,-4666,35,1346,-2461
-198,190,7193,3618,-56,-4833,78,1322,-2454
-198,190,7193,3598,210,-5096,86,1305,-2417
-198,190,7193,3589,393,-5631,104,1277,-2442
-198,190,7193,3572,610,-5681,156,1217,-2442
-198,190,7193,3667,513,-5765,183,1133,-2471
-198,190,7193,3841,437,-5969,257,1055,-2476
-198,190,7193,3873,393,-6041,287,972,-2493
-1180,28,7043,3897,430,-6085,296,896,-2505
-1180,28,7043,3902,180,-6117,269,827,-2495
-1180,28,7043,4094,8,-6079,346,755,-2479
-1180,28,7043,3850,-54,-5834,420,695,-2450
-1180,28,7043,3863,51,-5815,465,633,-2437
-1180,28,7043,3875,127,-5774,483,566,-2403
-1180,28,7043,3799,357,-5751,515,516,-2409
-1180,28,7043,3854,342,-5563,542,468,-2411
-1180,28,7043,3822,452,-5470,580,424,-2401
-1824,-306,6851,3848,400,-5215,617,399,-2412
-1824,-306,6851,3889,-169,-5781,686,336,-2453
-1824,-306,6851,4248,176,-5333,715,365,-2525
-1824,-306,6851,4208,213,-4917,764,354,-2492
-1824,-306,6851,4317,296,-5155,753,347,-2475
-1824,-306,6851,4460,648,-5317,721,334,-2482
-1824,-306,6851,4518,754,-5280,684,310,-2515
-1824,-306,6851,4489,723,-5433,656,287,-2556
-1824,-306,6851,4545,761,-5379,617,252,-2578
-2224,-640,6697,4730,478,-5750,589,206,-2632
-2224,-640,6697,4918,506,-5715,602,136,-2652
-2224,-640,6697,4651,467,-5907,670,95,-2637
-2224,-640,6697,4592,52,-5879,1016,42,-2609
-2224,-640,6697,4639,-106,-5848,868,-46,-2601
-2224,-640,6697,4414,-334,-6025,920,-128,-2570
-2224,-640,6697,4365,-521,-5987,969,-223,-2537
-2224,-640,6697,4239,-671,-5951,979,-324,-2498
-2224,-640,6697,4090,-896,-5914,965,-419,-2443
-2405,-1195,6646,3996,-870,-5941,941,-532,-2383
-2405,-1195,6646,3929,-827,-5907,897,-616,-2305
-2405,-1195,6646,3906,-830,-5831,816,-723,-2263
-2405,-1195,6646,3878,-674,-5802,740,-820,-2236
-2405,-1195,6646,3909,-525,-5720,641,-912,-2193
-2405,-1195,6646,3936,-366,-5857,580,-989,-2176
-2405,-1195,6646,3890,-334,-5523,507,-1053,-2157
-2405,-1195,6646,3906,-380,-5490,495,-1121,-2125
-2405,-1195,6646,3894,-260,-5353,466,-1167,-2082
-2230,-1608,6809,3732,-166,-5181,494,-1214,-2061
-2230,-1608,6809,3775,-181,-5023,503,-1262,-2042
-2230,-1608,6809,3599,-209,-4922,527,-1294,-2026
-2230,-1608,6809,3584,-46,-4826,539,-1314,-2005
-2230,-1608,6809,3444,-60,-4915,504,-1335,-1996
-2230,-1608,6809,3368,171,-4770,468,-1378,-2003
-2230,-1608,6809,3327,189,-4920,408,-1404,-2016
-2230,-1608,6809,3291,265,-4952,340,-1434,-2037
-2230,-1608,6809,3208,244,-4866,331,-1455,-1795
-1692,-1929,7154,3194,132,-4879,309,-1481,-2050
-1692,-1929,7154,2998,114,-4800,314,-1503,-1801
-1692,-1929,7154,2969,131,-4708,313,-1537,-2029
-1692,-1929,7154,2964,18,-4462,292,-1553,-2025
-1692,-1929,7154,2852,-12,-4797,308,-1569,-2005
-1692,-1929,7154,2860,40,-4828,308,-1608,-1995
-1692,-1929,7154,2742,-186,-4426,283,-1639,-1985
-1692,-1929,7154,2693,-107,-4283,283,-1651,-1982
-1692,-1929,7154,2482,-142,-4374,254,-1679,-1971
-975,-2209,7376,2782,-419,-4312,221,-1695,-1944
-975,-2209,7376,2479,-517,-4264,170,-1710,-1912
-975,-2209,7376,2443,-417,-4164,109,-1715,-1894
-975,-2209,7376,2250,-366,-3966,10,-1730,-1886
-975,-2209,7376,2030,-318,-3807,-39,-1725,-1871
-975,-2209,7376,1930,-398,-3678,-91,-1713,-1881
-975,-2209,7376,1904,-342,-3405,-145,-1689,-1862
-975,-2209,7376,1702,-480,-3201,-184,-1674,-1836
-975,-2209,7376,1537,-445,-2984,-197,-1623,-1825
-169,-2380,7471,1311,-567,-2765,-224,-1581,-1825
-169,-2380,7471,1212,-522,-2579,-189,-1519,-1802
-169,-2380,7471,1164,-598,-2595,-177,-1461,-1777
-169,-2380,7471,1082,-574,-2505,-140,-1424,-1748
